# Simulated wurtzite CdSe pattern from the physics-informed forward model.
# Not laboratory data. Generated at 150 C for demonstration.
  <2Theta>   <   I   >
   20.0000        141.0
   20.0200        137.0
   20.0400        144.0
   20.0600        125.0
   20.0800        135.0
   20.1000        152.0
   20.1200        129.0
   20.1400        133.0
   20.1600        137.0
   20.1800        147.0
   20.2000        122.0
   20.2200        130.0
   20.2400        122.0
   20.2600        138.0
   20.2800        157.0
   20.3000        147.0
   20.3200        127.0
   20.3400        132.0
   20.3600        145.0
   20.3800        154.0
   20.4000        146.0
   20.4200        139.0
   20.4400        142.0
   20.4600        140.0
   20.4800        125.0
   20.5000        152.0
   20.5200        141.0
   20.5400        141.0
   20.5600        169.0
   20.5800        141.0
   20.6000        130.0
   20.6200        160.0
   20.6400        131.0
   20.6600        143.0
   20.6800        154.0
   20.7000        134.0
   20.7200        163.0
   20.7400        138.0
   20.7600        136.0
   20.7800        158.0
   20.8000        147.0
   20.8200        146.0
   20.8400        140.0
   20.8600        168.0
   20.8800        138.0
   20.9000        145.0
   20.9200        141.0
   20.9400        149.0
   20.9600        150.0
   20.9800        154.0
   21.0000        148.0
   21.0200        162.0
   21.0400        147.0
   21.0600        147.0
   21.0800        132.0
   21.1000        177.0
   21.1200        150.0
   21.1400        149.0
   21.1600        148.0
   21.1800        165.0
   21.2000        153.0
   21.2200        158.0
   21.2400        147.0
   21.2600        168.0
   21.2800        157.0
   21.3000        179.0
   21.3200        136.0
   21.3400        147.0
   21.3600        143.0
   21.3800        150.0
   21.4000        172.0
   21.4200        159.0
   21.4400        167.0
   21.4600        166.0
   21.4800        186.0
   21.5000        156.0
   21.5200        166.0
   21.5400        162.0
   21.5600        161.0
   21.5800        157.0
   21.6000        180.0
   21.6200        171.0
   21.6400        184.0
   21.6600        162.0
   21.6800        160.0
   21.7000        174.0
   21.7200        149.0
   21.7400        187.0
   21.7600        163.0
   21.7800        169.0
   21.8000        178.0
   21.8200        166.0
   21.8400        187.0
   21.8600        175.0
   21.8800        183.0
   21.9000        199.0
   21.9200        197.0
   21.9400        196.0
   21.9600        186.0
   21.9800        210.0
   22.0000        197.0
   22.0200        185.0
   22.0400        220.0
   22.0600        184.0
   22.0800        203.0
   22.1000        212.0
   22.1200        197.0
   22.1400        219.0
   22.1600        218.0
   22.1800        206.0
   22.2000        182.0
   22.2200        184.0
   22.2400        200.0
   22.2600        222.0
   22.2800        208.0
   22.3000        204.0
   22.3200        233.0
   22.3400        228.0
   22.3600        234.0
   22.3800        252.0
   22.4000        219.0
   22.4200        210.0
   22.4400        243.0
   22.4600        236.0
   22.4800        247.0
   22.5000        237.0
   22.5200        253.0
   22.5400        238.0
   22.5600        256.0
   22.5800        232.0
   22.6000        254.0
   22.6200        246.0
   22.6400        252.0
   22.6600        272.0
   22.6800        272.0
   22.7000        242.0
   22.7200        242.0
   22.7400        300.0
   22.7600        274.0
   22.7800        310.0
   22.8000        299.0
   22.8200        307.0
   22.8400        336.0
   22.8600        303.0
   22.8800        326.0
   22.9000        329.0
   22.9200        333.0
   22.9400        340.0
   22.9600        328.0
   22.9800        347.0
   23.0000        357.0
   23.0200        352.0
   23.0400        330.0
   23.0600        399.0
   23.0800        399.0
   23.1000        423.0
   23.1200        449.0
   23.1400        463.0
   23.1600        439.0
   23.1800        446.0
   23.2000        490.0
   23.2200        520.0
   23.2400        591.0
   23.2600        578.0
   23.2800        567.0
   23.3000        584.0
   23.3200        661.0
   23.3400        703.0
   23.3600        751.0
   23.3800        867.0
   23.4000        884.0
   23.4200        956.0
   23.4400       1032.0
   23.4600       1120.0
   23.4800       1296.0
   23.5000       1460.0
   23.5200       1548.0
   23.5400       1738.0
   23.5600       2110.0
   23.5800       2326.0
   23.6000       2590.0
   23.6200       2857.0
   23.6400       3213.0
   23.6600       3605.0
   23.6800       4064.0
   23.7000       4521.0
   23.7200       4816.0
   23.7400       5166.0
   23.7600       5736.0
   23.7800       6194.0
   23.8000       6384.0
   23.8200       6915.0
   23.8400       7132.0
   23.8600       7548.0
   23.8800       7528.0
   23.9000       7431.0
   23.9200       7088.0
   23.9400       7207.0
   23.9600       6920.0
   23.9800       6493.0
   24.0000       6205.0
   24.0200       5682.0
   24.0400       5245.0
   24.0600       4814.0
   24.0800       4260.0
   24.1000       3833.0
   24.1200       3487.0
   24.1400       3204.0
   24.1600       2925.0
   24.1800       2511.0
   24.2000       2276.0
   24.2200       2024.0
   24.2400       1791.0
   24.2600       1613.0
   24.2800       1512.0
   24.3000       1291.0
   24.3200       1268.0
   24.3400       1109.0
   24.3600       1005.0
   24.3800        960.0
   24.4000        971.0
   24.4200        967.0
   24.4400        872.0
   24.4600        807.0
   24.4800        797.0
   24.5000        758.0
   24.5200        771.0
   24.5400        701.0
   24.5600        707.0
   24.5800        666.0
   24.6000        684.0
   24.6200        662.0
   24.6400        653.0
   24.6600        708.0
   24.6800        653.0
   24.7000        704.0
   24.7200        658.0
   24.7400        715.0
   24.7600        700.0
   24.7800        723.0
   24.8000        798.0
   24.8200        786.0
   24.8400        785.0
   24.8600        843.0
   24.8800        871.0
   24.9000        991.0
   24.9200       1013.0
   24.9400       1071.0
   24.9600       1191.0
   24.9800       1229.0
   25.0000       1436.0
   25.0200       1485.0
   25.0400       1689.0
   25.0600       1868.0
   25.0800       2095.0
   25.1000       2351.0
   25.1200       2491.0
   25.1400       2991.0
   25.1600       3301.0
   25.1800       3617.0
   25.2000       4058.0
   25.2200       4266.0
   25.2400       4728.0
   25.2600       5201.0
   25.2800       5378.0
   25.3000       5810.0
   25.3200       6158.0
   25.3400       6594.0
   25.3600       6814.0
   25.3800       6879.0
   25.4000       6986.0
   25.4200       6884.0
   25.4400       6763.0
   25.4600       6619.0
   25.4800       6334.0
   25.5000       5954.0
   25.5200       5643.0
   25.5400       5302.0
   25.5600       4935.0
   25.5800       4380.0
   25.6000       4090.0
   25.6200       3725.0
   25.6400       3374.0
   25.6600       3029.0
   25.6800       2634.0
   25.7000       2386.0
   25.7200       2139.0
   25.7400       1884.0
   25.7600       1722.0
   25.7800       1583.0
   25.8000       1415.0
   25.8200       1326.0
   25.8400       1198.0
   25.8600       1109.0
   25.8800        954.0
   25.9000        927.0
   25.9200        858.0
   25.9400        849.0
   25.9600        768.0
   25.9800        775.0
   26.0000        726.0
   26.0200        728.0
   26.0400        646.0
   26.0600        710.0
   26.0800        661.0
   26.1000        724.0
   26.1200        636.0
   26.1400        634.0
   26.1600        660.0
   26.1800        617.0
   26.2000        585.0
   26.2200        604.0
   26.2400        637.0
   26.2600        663.0
   26.2800        591.0
   26.3000        623.0
   26.3200        668.0
   26.3400        664.0
   26.3600        647.0
   26.3800        653.0
   26.4000        704.0
   26.4200        697.0
   26.4400        792.0
   26.4600        764.0
   26.4800        799.0
   26.5000        809.0
   26.5200        898.0
   26.5400        962.0
   26.5600        995.0
   26.5800       1029.0
   26.6000       1150.0
   26.6200       1253.0
   26.6400       1394.0
   26.6600       1444.0
   26.6800       1695.0
   26.7000       1850.0
   26.7200       2083.0
   26.7400       2286.0
   26.7600       2513.0
   26.7800       2875.0
   26.8000       3242.0
   26.8200       3594.0
   26.8400       3920.0
   26.8600       4452.0
   26.8800       4856.0
   26.9000       5480.0
   26.9200       6018.0
   26.9400       6610.0
   26.9600       6956.0
   26.9800       7637.0
   27.0000       8230.0
   27.0200       8698.0
   27.0400       9110.0
   27.0600       9294.0
   27.0800       9516.0
   27.1000       9846.0
   27.1200       9751.0
   27.1400       9490.0
   27.1600       9248.0
   27.1800       8820.0
   27.2000       8522.0
   27.2200       7740.0
   27.2400       7450.0
   27.2600       6734.0
   27.2800       6420.0
   27.3000       5615.0
   27.3200       5146.0
   27.3400       4645.0
   27.3600       4126.0
   27.3800       3683.0
   27.4000       3304.0
   27.4200       2947.0
   27.4400       2573.0
   27.4600       2352.0
   27.4800       2075.0
   27.5000       1795.0
   27.5200       1715.0
   27.5400       1472.0
   27.5600       1302.0
   27.5800       1257.0
   27.6000       1032.0
   27.6200        982.0
   27.6400        897.0
   27.6600        852.0
   27.6800        802.0
   27.7000        759.0
   27.7200        662.0
   27.7400        645.0
   27.7600        604.0
   27.7800        554.0
   27.8000        546.0
   27.8200        535.0
   27.8400        546.0
   27.8600        468.0
   27.8800        491.0
   27.9000        416.0
   27.9200        410.0
   27.9400        417.0
   27.9600        425.0
   27.9800        412.0
   28.0000        372.0
   28.0200        383.0
   28.0400        358.0
   28.0600        335.0
   28.0800        317.0
   28.1000        322.0
   28.1200        325.0
   28.1400        286.0
   28.1600        300.0
   28.1800        275.0
   28.2000        265.0
   28.2200        253.0
   28.2400        247.0
   28.2600        229.0
   28.2800        258.0
   28.3000        220.0
   28.3200        254.0
   28.3400        226.0
   28.3600        249.0
   28.3800        218.0
   28.4000        237.0
   28.4200        189.0
   28.4400        198.0
   28.4600        203.0
   28.4800        188.0
   28.5000        190.0
   28.5200        198.0
   28.5400        194.0
   28.5600        196.0
   28.5800        185.0
   28.6000        205.0
   28.6200        188.0
   28.6400        183.0
   28.6600        176.0
   28.6800        161.0
   28.7000        183.0
   28.7200        164.0
   28.7400        166.0
   28.7600        170.0
   28.7800        169.0
   28.8000        164.0
   28.8200        153.0
   28.8400        171.0
   28.8600        160.0
   28.8800        134.0
   28.9000        141.0
   28.9200        155.0
   28.9400        147.0
   28.9600        163.0
   28.9800        155.0
   29.0000        137.0
   29.0200        124.0
   29.0400        146.0
   29.0600        118.0
   29.0800        123.0
   29.1000        120.0
   29.1200        121.0
   29.1400        135.0
   29.1600        113.0
   29.1800        126.0
   29.2000        110.0
   29.2200        136.0
   29.2400        134.0
   29.2600        133.0
   29.2800        108.0
   29.3000        121.0
   29.3200        116.0
   29.3400        130.0
   29.3600        105.0
   29.3800        115.0
   29.4000        124.0
   29.4200        129.0
   29.4400        105.0
   29.4600        106.0
   29.4800        100.0
   29.5000        115.0
   29.5200         91.0
   29.5400         91.0
   29.5600        107.0
   29.5800        100.0
   29.6000        102.0
   29.6200        108.0
   29.6400         99.0
   29.6600         90.0
   29.6800        103.0
   29.7000        107.0
   29.7200         88.0
   29.7400        103.0
   29.7600        102.0
   29.7800         97.0
   29.8000        102.0
   29.8200         96.0
   29.8400        102.0
   29.8600         91.0
   29.8800         95.0
   29.9000         96.0
   29.9200        109.0
   29.9400         97.0
   29.9600         83.0
   29.9800         89.0
   30.0000         85.0
   30.0200         80.0
   30.0400         91.0
   30.0600         67.0
   30.0800         80.0
   30.1000         86.0
   30.1200         85.0
   30.1400         95.0
   30.1600         80.0
   30.1800         96.0
   30.2000         90.0
   30.2200         99.0
   30.2400         78.0
   30.2600         80.0
   30.2800        101.0
   30.3000         86.0
   30.3200         78.0
   30.3400         98.0
   30.3600         79.0
   30.3800         77.0
   30.4000         88.0
   30.4200         82.0
   30.4400         89.0
   30.4600         82.0
   30.4800         81.0
   30.5000         81.0
   30.5200         72.0
   30.5400         80.0
   30.5600         79.0
   30.5800         66.0
   30.6000         93.0
   30.6200         72.0
   30.6400         74.0
   30.6600         87.0
   30.6800         88.0
   30.7000         81.0
   30.7200         85.0
   30.7400         71.0
   30.7600         67.0
   30.7800         71.0
   30.8000         81.0
   30.8200         70.0
   30.8400         83.0
   30.8600         69.0
   30.8800         83.0
   30.9000         85.0
   30.9200         70.0
   30.9400         64.0
   30.9600         82.0
   30.9800         85.0
   31.0000         60.0
   31.0200         63.0
   31.0400         75.0
   31.0600         66.0
   31.0800         67.0
   31.1000         73.0
   31.1200         83.0
   31.1400         61.0
   31.1600         74.0
   31.1800         74.0
   31.2000         75.0
   31.2200         84.0
   31.2400         77.0
   31.2600         71.0
   31.2800         89.0
   31.3000         82.0
   31.3200         62.0
   31.3400         74.0
   31.3600         68.0
   31.3800         61.0
   31.4000         66.0
   31.4200         68.0
   31.4400         72.0
   31.4600         62.0
   31.4800         72.0
   31.5000         65.0
   31.5200         83.0
   31.5400         80.0
   31.5600         61.0
   31.5800         66.0
   31.6000         59.0
   31.6200         62.0
   31.6400         76.0
   31.6600         64.0
   31.6800         66.0
   31.7000         65.0
   31.7200         56.0
   31.7400         61.0
   31.7600         62.0
   31.7800         79.0
   31.8000         58.0
   31.8200         66.0
   31.8400         74.0
   31.8600         74.0
   31.8800         63.0
   31.9000         63.0
   31.9200         70.0
   31.9400         65.0
   31.9600         73.0
   31.9800         55.0
   32.0000         57.0
   32.0200         70.0
   32.0400         76.0
   32.0600         72.0
   32.0800         63.0
   32.1000         70.0
   32.1200         74.0
   32.1400         64.0
   32.1600         59.0
   32.1800         71.0
   32.2000         66.0
   32.2200         64.0
   32.2400         67.0
   32.2600         67.0
   32.2800         66.0
   32.3000         60.0
   32.3200         81.0
   32.3400         68.0
   32.3600         75.0
   32.3800         80.0
   32.4000         68.0
   32.4200         65.0
   32.4400         69.0
   32.4600         62.0
   32.4800         65.0
   32.5000         60.0
   32.5200         76.0
   32.5400         60.0
   32.5600         72.0
   32.5800         66.0
   32.6000         69.0
   32.6200         66.0
   32.6400         77.0
   32.6600         66.0
   32.6800         71.0
   32.7000         68.0
   32.7200         69.0
   32.7400         60.0
   32.7600         83.0
   32.7800         76.0
   32.8000         72.0
   32.8200         63.0
   32.8400         84.0
   32.8600         80.0
   32.8800         67.0
   32.9000         65.0
   32.9200         68.0
   32.9400         52.0
   32.9600         66.0
   32.9800         66.0
   33.0000        100.0
   33.0200         75.0
   33.0400         83.0
   33.0600         68.0
   33.0800         85.0
   33.1000         61.0
   33.1200         83.0
   33.1400         70.0
   33.1600         85.0
   33.1800         65.0
   33.2000         77.0
   33.2200         85.0
   33.2400         93.0
   33.2600         81.0
   33.2800         96.0
   33.3000         65.0
   33.3200         70.0
   33.3400         95.0
   33.3600         81.0
   33.3800         72.0
   33.4000         92.0
   33.4200         81.0
   33.4400         87.0
   33.4600         84.0
   33.4800        104.0
   33.5000         72.0
   33.5200         77.0
   33.5400         84.0
   33.5600         88.0
   33.5800        111.0
   33.6000         99.0
   33.6200         81.0
   33.6400        114.0
   33.6600         90.0
   33.6800         92.0
   33.7000        100.0
   33.7200         87.0
   33.7400         98.0
   33.7600        103.0
   33.7800         96.0
   33.8000        103.0
   33.8200        100.0
   33.8400        101.0
   33.8600        108.0
   33.8800        111.0
   33.9000         95.0
   33.9200        110.0
   33.9400        111.0
   33.9600        135.0
   33.9800        123.0
   34.0000        126.0
   34.0200        132.0
   34.0400        111.0
   34.0600        133.0
   34.0800        143.0
   34.1000        129.0
   34.1200        125.0
   34.1400        130.0
   34.1600        144.0
   34.1800        150.0
   34.2000        158.0
   34.2200        151.0
   34.2400        170.0
   34.2600        168.0
   34.2800        174.0
   34.3000        150.0
   34.3200        189.0
   34.3400        183.0
   34.3600        176.0
   34.3800        182.0
   34.4000        215.0
   34.4200        211.0
   34.4400        216.0
   34.4600        225.0
   34.4800        217.0
   34.5000        252.0
   34.5200        260.0
   34.5400        320.0
   34.5600        297.0
   34.5800        349.0
   34.6000        376.0
   34.6200        372.0
   34.6400        440.0
   34.6600        463.0
   34.6800        515.0
   34.7000        619.0
   34.7200        649.0
   34.7400        745.0
   34.7600        818.0
   34.7800        937.0
   34.8000       1034.0
   34.8200       1115.0
   34.8400       1248.0
   34.8600       1291.0
   34.8800       1494.0
   34.9000       1615.0
   34.9200       1910.0
   34.9400       1900.0
   34.9600       2141.0
   34.9800       2304.0
   35.0000       2552.0
   35.0200       2623.0
   35.0400       2928.0
   35.0600       2960.0
   35.0800       3059.0
   35.1000       3167.0
   35.1200       3252.0
   35.1400       3270.0
   35.1600       3327.0
   35.1800       3274.0
   35.2000       3318.0
   35.2200       3147.0
   35.2400       2845.0
   35.2600       2814.0
   35.2800       2597.0
   35.3000       2439.0
   35.3200       2317.0
   35.3400       2127.0
   35.3600       1941.0
   35.3800       1775.0
   35.4000       1571.0
   35.4200       1513.0
   35.4400       1331.0
   35.4600       1188.0
   35.4800       1066.0
   35.5000        994.0
   35.5200        858.0
   35.5400        752.0
   35.5600        708.0
   35.5800        636.0
   35.6000        582.0
   35.6200        503.0
   35.6400        475.0
   35.6600        426.0
   35.6800        410.0
   35.7000        351.0
   35.7200        349.0
   35.7400        324.0
   35.7600        309.0
   35.7800        283.0
   35.8000        237.0
   35.8200        250.0
   35.8400        248.0
   35.8600        246.0
   35.8800        193.0
   35.9000        215.0
   35.9200        196.0
   35.9400        198.0
   35.9600        197.0
   35.9800        187.0
   36.0000        184.0
   36.0200        155.0
   36.0400        142.0
   36.0600        145.0
   36.0800        146.0
   36.1000        163.0
   36.1200        136.0
   36.1400        156.0
   36.1600        130.0
   36.1800        130.0
   36.2000        144.0
   36.2200        129.0
   36.2400        134.0
   36.2600        107.0
   36.2800        148.0
   36.3000        105.0
   36.3200        144.0
   36.3400        105.0
   36.3600         95.0
   36.3800        120.0
   36.4000        117.0
   36.4200         94.0
   36.4400         93.0
   36.4600        104.0
   36.4800        105.0
   36.5000         98.0
   36.5200         91.0
   36.5400        120.0
   36.5600        107.0
   36.5800         85.0
   36.6000        111.0
   36.6200        116.0
   36.6400         95.0
   36.6600        101.0
   36.6800         89.0
   36.7000         85.0
   36.7200         93.0
   36.7400         92.0
   36.7600         86.0
   36.7800         92.0
   36.8000         93.0
   36.8200         86.0
   36.8400         81.0
   36.8600         92.0
   36.8800         92.0
   36.9000         74.0
   36.9200         80.0
   36.9400         86.0
   36.9600         70.0
   36.9800         77.0
   37.0000         86.0
   37.0200         74.0
   37.0400         76.0
   37.0600         81.0
   37.0800         78.0
   37.1000         55.0
   37.1200         70.0
   37.1400         82.0
   37.1600         76.0
   37.1800         91.0
   37.2000         54.0
   37.2200        101.0
   37.2400         75.0
   37.2600         64.0
   37.2800         80.0
   37.3000         82.0
   37.3200         73.0
   37.3400         67.0
   37.3600         68.0
   37.3800         78.0
   37.4000         72.0
   37.4200         70.0
   37.4400         71.0
   37.4600         80.0
   37.4800         79.0
   37.5000         54.0
   37.5200         89.0
   37.5400         79.0
   37.5600         68.0
   37.5800         66.0
   37.6000         74.0
   37.6200         60.0
   37.6400         61.0
   37.6600         66.0
   37.6800         59.0
   37.7000         68.0
   37.7200         69.0
   37.7400         69.0
   37.7600         76.0
   37.7800         76.0
   37.8000         75.0
   37.8200         58.0
   37.8400         63.0
   37.8600         68.0
   37.8800         74.0
   37.9000         68.0
   37.9200         67.0
   37.9400         74.0
   37.9600         60.0
   37.9800         74.0
   38.0000         69.0
   38.0200         69.0
   38.0400         72.0
   38.0600         66.0
   38.0800         72.0
   38.1000         75.0
   38.1200         75.0
   38.1400         62.0
   38.1600         73.0
   38.1800         57.0
   38.2000         65.0
   38.2200         52.0
   38.2400         68.0
   38.2600         75.0
   38.2800         69.0
   38.3000         63.0
   38.3200         66.0
   38.3400         77.0
   38.3600         53.0
   38.3800         76.0
   38.4000         68.0
   38.4200         77.0
   38.4400         63.0
   38.4600         70.0
   38.4800         64.0
   38.5000         72.0
   38.5200         62.0
   38.5400         60.0
   38.5600         86.0
   38.5800         67.0
   38.6000         73.0
   38.6200         61.0
   38.6400         82.0
   38.6600         64.0
   38.6800         65.0
   38.7000         71.0
   38.7200         74.0
   38.7400         72.0
   38.7600         55.0
   38.7800         69.0
   38.8000         70.0
   38.8200         71.0
   38.8400         74.0
   38.8600         67.0
   38.8800         66.0
   38.9000         83.0
   38.9200         75.0
   38.9400         82.0
   38.9600         72.0
   38.9800         71.0
   39.0000         69.0
   39.0200         65.0
   39.0400         64.0
   39.0600         77.0
   39.0800         73.0
   39.1000         87.0
   39.1200         61.0
   39.1400         73.0
   39.1600         77.0
   39.1800         72.0
   39.2000         79.0
   39.2200         76.0
   39.2400         83.0
   39.2600         83.0
   39.2800         68.0
   39.3000         84.0
   39.3200         70.0
   39.3400         81.0
   39.3600         75.0
   39.3800         85.0
   39.4000         90.0
   39.4200         81.0
   39.4400         74.0
   39.4600         67.0
   39.4800         65.0
   39.5000         87.0
   39.5200         88.0
   39.5400         88.0
   39.5600         87.0
   39.5800         72.0
   39.6000         83.0
   39.6200         87.0
   39.6400         88.0
   39.6600         76.0
   39.6800         80.0
   39.7000         79.0
   39.7200         70.0
   39.7400         92.0
   39.7600         90.0
   39.7800         93.0
   39.8000         95.0
   39.8200         88.0
   39.8400         97.0
   39.8600         82.0
   39.8800         77.0
   39.9000        106.0
   39.9200         94.0
   39.9400        105.0
   39.9600         97.0
   39.9800        110.0
   40.0000        110.0
   40.0200        102.0
   40.0400         92.0
   40.0600        108.0
   40.0800         99.0
   40.1000        104.0
   40.1200         97.0
   40.1400         91.0
   40.1600         99.0
   40.1800        106.0
   40.2000        109.0
   40.2200        126.0
   40.2400         91.0
   40.2600         98.0
   40.2800         99.0
   40.3000        100.0
   40.3200        107.0
   40.3400        123.0
   40.3600        114.0
   40.3800        139.0
   40.4000        132.0
   40.4200        139.0
   40.4400        121.0
   40.4600        147.0
   40.4800        131.0
   40.5000        113.0
   40.5200        148.0
   40.5400        143.0
   40.5600        143.0
   40.5800        150.0
   40.6000        158.0
   40.6200        162.0
   40.6400        152.0
   40.6600        166.0
   40.6800        163.0
   40.7000        136.0
   40.7200        168.0
   40.7400        148.0
   40.7600        174.0
   40.7800        172.0
   40.8000        185.0
   40.8200        181.0
   40.8400        171.0
   40.8600        205.0
   40.8800        192.0
   40.9000        178.0
   40.9200        201.0
   40.9400        218.0
   40.9600        218.0
   40.9800        224.0
   41.0000        224.0
   41.0200        204.0
   41.0400        253.0
   41.0600        231.0
   41.0800        261.0
   41.1000        260.0
   41.1200        272.0
   41.1400        288.0
   41.1600        310.0
   41.1800        299.0
   41.2000        317.0
   41.2200        326.0
   41.2400        353.0
   41.2600        374.0
   41.2800        334.0
   41.3000        394.0
   41.3200        435.0
   41.3400        469.0
   41.3600        474.0
   41.3800        522.0
   41.4000        530.0
   41.4200        573.0
   41.4400        630.0
   41.4600        720.0
   41.4800        797.0
   41.5000        833.0
   41.5200        901.0
   41.5400       1002.0
   41.5600       1029.0
   41.5800       1283.0
   41.6000       1348.0
   41.6200       1544.0
   41.6400       1685.0
   41.6600       1871.0
   41.6800       2027.0
   41.7000       2263.0
   41.7200       2560.0
   41.7400       2691.0
   41.7600       2937.0
   41.7800       3170.0
   41.8000       3551.0
   41.8200       3763.0
   41.8400       3913.0
   41.8600       4241.0
   41.8800       4588.0
   41.9000       4864.0
   41.9200       4971.0
   41.9400       5204.0
   41.9600       5291.0
   41.9800       5498.0
   42.0000       5474.0
   42.0200       5625.0
   42.0400       5556.0
   42.0600       5369.0
   42.0800       5173.0
   42.1000       4866.0
   42.1200       4740.0
   42.1400       4424.0
   42.1600       4308.0
   42.1800       4015.0
   42.2000       3791.0
   42.2200       3441.0
   42.2400       3187.0
   42.2600       3008.0
   42.2800       2688.0
   42.3000       2401.0
   42.3200       2201.0
   42.3400       2039.0
   42.3600       1835.0
   42.3800       1669.0
   42.4000       1488.0
   42.4200       1357.0
   42.4400       1203.0
   42.4600       1076.0
   42.4800        991.0
   42.5000        878.0
   42.5200        838.0
   42.5400        791.0
   42.5600        695.0
   42.5800        640.0
   42.6000        605.0
   42.6200        581.0
   42.6400        473.0
   42.6600        510.0
   42.6800        421.0
   42.7000        419.0
   42.7200        439.0
   42.7400        382.0
   42.7600        372.0
   42.7800        399.0
   42.8000        355.0
   42.8200        338.0
   42.8400        363.0
   42.8600        302.0
   42.8800        317.0
   42.9000        297.0
   42.9200        287.0
   42.9400        286.0
   42.9600        251.0
   42.9800        254.0
   43.0000        248.0
   43.0200        231.0
   43.0400        216.0
   43.0600        207.0
   43.0800        238.0
   43.1000        224.0
   43.1200        211.0
   43.1400        240.0
   43.1600        229.0
   43.1800        193.0
   43.2000        212.0
   43.2200        185.0
   43.2400        173.0
   43.2600        184.0
   43.2800        185.0
   43.3000        190.0
   43.3200        190.0
   43.3400        170.0
   43.3600        186.0
   43.3800        179.0
   43.4000        187.0
   43.4200        194.0
   43.4400        157.0
   43.4600        188.0
   43.4800        161.0
   43.5000        156.0
   43.5200        181.0
   43.5400        141.0
   43.5600        151.0
   43.5800        175.0
   43.6000        151.0
   43.6200        144.0
   43.6400        137.0
   43.6600        145.0
   43.6800        147.0
   43.7000        143.0
   43.7200        136.0
   43.7400        154.0
   43.7600        141.0
   43.7800        151.0
   43.8000        170.0
   43.8200        148.0
   43.8400        163.0
   43.8600        139.0
   43.8800        135.0
   43.9000        165.0
   43.9200        155.0
   43.9400        159.0
   43.9600        143.0
   43.9800        146.0
   44.0000        132.0
   44.0200        155.0
   44.0400        169.0
   44.0600        155.0
   44.0800        137.0
   44.1000        144.0
   44.1200        145.0
   44.1400        152.0
   44.1600        148.0
   44.1800        133.0
   44.2000        129.0
   44.2200        136.0
   44.2400        169.0
   44.2600        155.0
   44.2800        181.0
   44.3000        157.0
   44.3200        165.0
   44.3400        161.0
   44.3600        188.0
   44.3800        178.0
   44.4000        171.0
   44.4200        152.0
   44.4400        184.0
   44.4600        157.0
   44.4800        192.0
   44.5000        179.0
   44.5200        166.0
   44.5400        196.0
   44.5600        171.0
   44.5800        199.0
   44.6000        180.0
   44.6200        202.0
   44.6400        194.0
   44.6600        210.0
   44.6800        215.0
   44.7000        210.0
   44.7200        223.0
   44.7400        221.0
   44.7600        202.0
   44.7800        227.0
   44.8000        214.0
   44.8200        244.0
   44.8400        260.0
   44.8600        256.0
   44.8800        269.0
   44.9000        273.0
   44.9200        274.0
   44.9400        284.0
   44.9600        296.0
   44.9800        298.0
   45.0000        318.0
   45.0200        345.0
   45.0400        348.0
   45.0600        382.0
   45.0800        405.0
   45.1000        378.0
   45.1200        484.0
   45.1400        418.0
   45.1600        460.0
   45.1800        475.0
   45.2000        504.0
   45.2200        613.0
   45.2400        627.0
   45.2600        650.0
   45.2800        724.0
   45.3000        819.0
   45.3200        891.0
   45.3400        918.0
   45.3600        978.0
   45.3800       1066.0
   45.4000       1268.0
   45.4200       1312.0
   45.4400       1489.0
   45.4600       1632.0
   45.4800       1819.0
   45.5000       1921.0
   45.5200       2257.0
   45.5400       2356.0
   45.5600       2499.0
   45.5800       2752.0
   45.6000       3024.0
   45.6200       3190.0
   45.6400       3554.0
   45.6600       3670.0
   45.6800       3984.0
   45.7000       4110.0
   45.7200       4415.0
   45.7400       4560.0
   45.7600       4694.0
   45.7800       4832.0
   45.8000       4884.0
   45.8200       5014.0
   45.8400       5005.0
   45.8600       4939.0
   45.8800       4783.0
   45.9000       4764.0
   45.9200       4488.0
   45.9400       4489.0
   45.9600       4347.0
   45.9800       3851.0
   46.0000       3593.0
   46.0200       3458.0
   46.0400       3289.0
   46.0600       3026.0
   46.0800       2803.0
   46.1000       2602.0
   46.1200       2373.0
   46.1400       2143.0
   46.1600       1961.0
   46.1800       1735.0
   46.2000       1601.0
   46.2200       1492.0
   46.2400       1353.0
   46.2600       1272.0
   46.2800       1115.0
   46.3000       1017.0
   46.3200        927.0
   46.3400        894.0
   46.3600        728.0
   46.3800        681.0
   46.4000        685.0
   46.4200        568.0
   46.4400        529.0
   46.4600        536.0
   46.4800        497.0
   46.5000        415.0
   46.5200        456.0
   46.5400        438.0
   46.5600        391.0
   46.5800        389.0
   46.6000        377.0
   46.6200        340.0
   46.6400        327.0
   46.6600        336.0
   46.6800        313.0
   46.7000        317.0
   46.7200        300.0
   46.7400        263.0
   46.7600        276.0
   46.7800        274.0
   46.8000        290.0
   46.8200        258.0
   46.8400        254.0
   46.8600        292.0
   46.8800        267.0
   46.9000        244.0
   46.9200        266.0
   46.9400        228.0
   46.9600        230.0
   46.9800        212.0
   47.0000        212.0
   47.0200        223.0
   47.0400        205.0
   47.0600        213.0
   47.0800        189.0
   47.1000        212.0
   47.1200        201.0
   47.1400        196.0
   47.1600        183.0
   47.1800        215.0
   47.2000        187.0
   47.2200        195.0
   47.2400        177.0
   47.2600        186.0
   47.2800        166.0
   47.3000        202.0
   47.3200        188.0
   47.3400        203.0
   47.3600        168.0
   47.3800        180.0
   47.4000        186.0
   47.4200        199.0
   47.4400        171.0
   47.4600        170.0
   47.4800        162.0
   47.5000        197.0
   47.5200        161.0
   47.5400        192.0
   47.5600        175.0
   47.5800        175.0
   47.6000        172.0
   47.6200        169.0
   47.6400        158.0
   47.6600        194.0
   47.6800        185.0
   47.7000        186.0
   47.7200        175.0
   47.7400        174.0
   47.7600        195.0
   47.7800        191.0
   47.8000        179.0
   47.8200        194.0
   47.8400        174.0
   47.8600        173.0
   47.8800        202.0
   47.9000        191.0
   47.9200        188.0
   47.9400        182.0
   47.9600        213.0
   47.9800        217.0
   48.0000        210.0
   48.0200        219.0
   48.0400        200.0
   48.0600        219.0
   48.0800        241.0
   48.1000        259.0
   48.1200        253.0
   48.1400        246.0
   48.1600        244.0
   48.1800        272.0
   48.2000        298.0
   48.2200        282.0
   48.2400        285.0
   48.2600        312.0
   48.2800        296.0
   48.3000        337.0
   48.3200        342.0
   48.3400        366.0
   48.3600        381.0
   48.3800        398.0
   48.4000        438.0
   48.4200        458.0
   48.4400        445.0
   48.4600        476.0
   48.4800        529.0
   48.5000        547.0
   48.5200        606.0
   48.5400        646.0
   48.5600        739.0
   48.5800        766.0
   48.6000        820.0
   48.6200        903.0
   48.6400        970.0
   48.6600        994.0
   48.6800       1126.0
   48.7000       1113.0
   48.7200       1194.0
   48.7400       1282.0
   48.7600       1349.0
   48.7800       1456.0
   48.8000       1467.0
   48.8200       1515.0
   48.8400       1544.0
   48.8600       1661.0
   48.8800       1688.0
   48.9000       1667.0
   48.9200       1663.0
   48.9400       1617.0
   48.9600       1671.0
   48.9800       1569.0
   49.0000       1613.0
   49.0200       1588.0
   49.0400       1518.0
   49.0600       1459.0
   49.0800       1427.0
   49.1000       1495.0
   49.1200       1389.0
   49.1400       1358.0
   49.1600       1407.0
   49.1800       1357.0
   49.2000       1408.0
   49.2200       1382.0
   49.2400       1416.0
   49.2600       1466.0
   49.2800       1580.0
   49.3000       1621.0
   49.3200       1678.0
   49.3400       1763.0
   49.3600       1864.0
   49.3800       1992.0
   49.4000       2143.0
   49.4200       2237.0
   49.4400       2415.0
   49.4600       2623.0
   49.4800       2720.0
   49.5000       2885.0
   49.5200       3070.0
   49.5400       3379.0
   49.5600       3521.0
   49.5800       3837.0
   49.6000       3905.0
   49.6200       4180.0
   49.6400       4195.0
   49.6600       4378.0
   49.6800       4373.0
   49.7000       4539.0
   49.7200       4579.0
   49.7400       4626.0
   49.7600       4623.0
   49.7800       4448.0
   49.8000       4370.0
   49.8200       4267.0
   49.8400       4227.0
   49.8600       3999.0
   49.8800       3790.0
   49.9000       3511.0
   49.9200       3427.0
   49.9400       3178.0
   49.9600       2916.0
   49.9800       2896.0
   50.0000       2546.0
   50.0200       2540.0
   50.0400       2299.0
   50.0600       2139.0
   50.0800       1922.0
   50.1000       1806.0
   50.1200       1744.0
   50.1400       1665.0
   50.1600       1579.0
   50.1800       1477.0
   50.2000       1425.0
   50.2200       1394.0
   50.2400       1315.0
   50.2600       1288.0
   50.2800       1319.0
   50.3000       1275.0
   50.3200       1330.0
   50.3400       1367.0
   50.3600       1456.0
   50.3800       1345.0
   50.4000       1425.0
   50.4200       1545.0
   50.4400       1589.0
   50.4600       1670.0
   50.4800       1767.0
   50.5000       1846.0
   50.5200       1924.0
   50.5400       2040.0
   50.5600       2080.0
   50.5800       2173.0
   50.6000       2265.0
   50.6200       2290.0
   50.6400       2365.0
   50.6600       2341.0
   50.6800       2384.0
   50.7000       2407.0
   50.7200       2380.0
   50.7400       2391.0
   50.7600       2473.0
   50.7800       2240.0
   50.8000       2307.0
   50.8200       2099.0
   50.8400       2149.0
   50.8600       1968.0
   50.8800       1836.0
   50.9000       1805.0
   50.9200       1715.0
   50.9400       1561.0
   50.9600       1548.0
   50.9800       1367.0
   51.0000       1322.0
   51.0200       1179.0
   51.0400       1081.0
   51.0600       1040.0
   51.0800       1018.0
   51.1000        903.0
   51.1200        792.0
   51.1400        745.0
   51.1600        714.0
   51.1800        632.0
   51.2000        657.0
   51.2200        574.0
   51.2400        512.0
   51.2600        504.0
   51.2800        476.0
   51.3000        449.0
   51.3200        385.0
   51.3400        410.0
   51.3600        361.0
   51.3800        390.0
   51.4000        335.0
   51.4200        338.0
   51.4400        339.0
   51.4600        337.0
   51.4800        382.0
   51.5000        315.0
   51.5200        303.0
   51.5400        324.0
   51.5600        344.0
   51.5800        288.0
   51.6000        269.0
   51.6200        327.0
   51.6400        350.0
   51.6600        363.0
   51.6800        371.0
   51.7000        390.0
   51.7200        377.0
   51.7400        384.0
   51.7600        410.0
   51.7800        455.0
   51.8000        460.0
   51.8200        510.0
   51.8400        541.0
   51.8600        567.0
   51.8800        604.0
   51.9000        600.0
   51.9200        664.0
   51.9400        668.0
   51.9600        708.0
   51.9800        734.0
   52.0000        799.0
   52.0200        830.0
   52.0400        870.0
   52.0600        935.0
   52.0800        867.0
   52.1000        984.0
   52.1200        898.0
   52.1400        957.0
   52.1600        966.0
   52.1800        998.0
   52.2000        964.0
   52.2200       1018.0
   52.2400        901.0
   52.2600        945.0
   52.2800        879.0
   52.3000        841.0
   52.3200        824.0
   52.3400        833.0
   52.3600        753.0
   52.3800        707.0
   52.4000        656.0
   52.4200        585.0
   52.4400        596.0
   52.4600        536.0
   52.4800        478.0
   52.5000        463.0
   52.5200        437.0
   52.5400        421.0
   52.5600        379.0
   52.5800        375.0
   52.6000        344.0
   52.6200        357.0
   52.6400        280.0
   52.6600        266.0
   52.6800        274.0
   52.7000        258.0
   52.7200        227.0
   52.7400        203.0
   52.7600        201.0
   52.7800        202.0
   52.8000        201.0
   52.8200        167.0
   52.8400        182.0
   52.8600        204.0
   52.8800        148.0
   52.9000        157.0
   52.9200        145.0
   52.9400        163.0
   52.9600        156.0
   52.9800        140.0
   53.0000        146.0
   53.0200        132.0
   53.0400        137.0
   53.0600        133.0
   53.0800        129.0
   53.1000        131.0
   53.1200         97.0
   53.1400         91.0
   53.1600        102.0
   53.1800        119.0
   53.2000        102.0
   53.2200        116.0
   53.2400        123.0
   53.2600        100.0
   53.2800        124.0
   53.3000        110.0
   53.3200        116.0
   53.3400        101.0
   53.3600         94.0
   53.3800         87.0
   53.4000        119.0
   53.4200        103.0
   53.4400        108.0
   53.4600        118.0
   53.4800         99.0
   53.5000        106.0
   53.5200         92.0
   53.5400         90.0
   53.5600         96.0
   53.5800        100.0
   53.6000         77.0
   53.6200         93.0
   53.6400        105.0
   53.6600         93.0
   53.6800         91.0
   53.7000         75.0
   53.7200         86.0
   53.7400        107.0
   53.7600         91.0
   53.7800         88.0
   53.8000         85.0
   53.8200         83.0
   53.8400         94.0
   53.8600         87.0
   53.8800         82.0
   53.9000         80.0
   53.9200         97.0
   53.9400        116.0
   53.9600         94.0
   53.9800         78.0
   54.0000         92.0
   54.0200         75.0
   54.0400         90.0
   54.0600         88.0
   54.0800         95.0
   54.1000         90.0
   54.1200         87.0
   54.1400         90.0
   54.1600         87.0
   54.1800         84.0
   54.2000         86.0
   54.2200        101.0
   54.2400         83.0
   54.2600        104.0
   54.2800         75.0
   54.3000         82.0
   54.3200         92.0
   54.3400         99.0
   54.3600         80.0
   54.3800         91.0
   54.4000         89.0
   54.4200         77.0
   54.4400        103.0
   54.4600         98.0
   54.4800         90.0
   54.5000        103.0
   54.5200         96.0
   54.5400         89.0
   54.5600        140.0
   54.5800         97.0
   54.6000        102.0
   54.6200        106.0
   54.6400         80.0
   54.6600        105.0
   54.6800        121.0
   54.7000        107.0
   54.7200        115.0
   54.7400         98.0
   54.7600        114.0
   54.7800         97.0
   54.8000        102.0
   54.8200        114.0
   54.8400        106.0
   54.8600         99.0
   54.8800        124.0
   54.9000        115.0
   54.9200        119.0
   54.9400        122.0
   54.9600        127.0
   54.9800        127.0
   55.0000        134.0
   55.0200        131.0
   55.0400        123.0
   55.0600        136.0
   55.0800        142.0
   55.1000        131.0
   55.1200        141.0
   55.1400        178.0
   55.1600        155.0
   55.1800        171.0
   55.2000        182.0
   55.2200        191.0
   55.2400        188.0
   55.2600        217.0
   55.2800        219.0
   55.3000        238.0
   55.3200        264.0
   55.3400        256.0
   55.3600        281.0
   55.3800        300.0
   55.4000        345.0
   55.4200        394.0
   55.4400        403.0
   55.4600        425.0
   55.4800        481.0
   55.5000        512.0
   55.5200        541.0
   55.5400        563.0
   55.5600        630.0
   55.5800        671.0
   55.6000        709.0
   55.6200        741.0
   55.6400        832.0
   55.6600        881.0
   55.6800        884.0
   55.7000        985.0
   55.7200       1076.0
   55.7400       1058.0
   55.7600       1160.0
   55.7800       1108.0
   55.8000       1235.0
   55.8200       1294.0
   55.8400       1317.0
   55.8600       1334.0
   55.8800       1347.0
   55.9000       1326.0
   55.9200       1241.0
   55.9400       1322.0
   55.9600       1337.0
   55.9800       1244.0
   56.0000       1258.0
   56.0200       1140.0
   56.0400       1164.0
   56.0600       1073.0
   56.0800       1042.0
   56.1000        932.0
   56.1200        925.0
   56.1400        888.0
   56.1600        810.0
   56.1800        738.0
   56.2000        729.0
   56.2200        625.0
   56.2400        638.0
   56.2600        560.0
   56.2800        554.0
   56.3000        505.0
   56.3200        449.0
   56.3400        454.0
   56.3600        374.0
   56.3800        360.0
   56.4000        312.0
   56.4200        296.0
   56.4400        300.0
   56.4600        269.0
   56.4800        248.0
   56.5000        256.0
   56.5200        238.0
   56.5400        214.0
   56.5600        204.0
   56.5800        196.0
   56.6000        170.0
   56.6200        207.0
   56.6400        165.0
   56.6600        169.0
   56.6800        160.0
   56.7000        164.0
   56.7200        163.0
   56.7400        133.0
   56.7600        165.0
   56.7800        152.0
   56.8000        148.0
   56.8200        158.0
   56.8400        137.0
   56.8600        164.0
   56.8800        140.0
   56.9000        145.0
   56.9200        173.0
   56.9400        160.0
   56.9600        161.0
   56.9800        138.0
   57.0000        152.0
   57.0200        171.0
   57.0400        142.0
   57.0600        168.0
   57.0800        170.0
   57.1000        126.0
   57.1200        159.0
   57.1400        157.0
   57.1600        154.0
   57.1800        177.0
   57.2000        138.0
   57.2200        156.0
   57.2400        155.0
   57.2600        212.0
   57.2800        207.0
   57.3000        171.0
   57.3200        194.0
   57.3400        185.0
   57.3600        174.0
   57.3800        199.0
   57.4000        217.0
   57.4200        222.0
   57.4400        223.0
   57.4600        226.0
   57.4800        246.0
   57.5000        298.0
   57.5200        242.0
   57.5400        291.0
   57.5600        319.0
   57.5800        334.0
   57.6000        376.0
   57.6200        390.0
   57.6400        413.0
   57.6600        402.0
   57.6800        469.0
   57.7000        545.0
   57.7200        562.0
   57.7400        649.0
   57.7600        677.0
   57.7800        764.0
   57.8000        804.0
   57.8200        818.0
   57.8400        832.0
   57.8600        960.0
   57.8800       1055.0
   57.9000       1114.0
   57.9200       1172.0
   57.9400       1244.0
   57.9600       1285.0
   57.9800       1341.0
   58.0000       1465.0
   58.0200       1498.0
   58.0400       1576.0
   58.0600       1647.0
   58.0800       1654.0
   58.1000       1720.0
   58.1200       1725.0
   58.1400       1723.0
   58.1600       1732.0
   58.1800       1763.0
   58.2000       1718.0
   58.2200       1619.0
   58.2400       1639.0
   58.2600       1556.0
   58.2800       1548.0
   58.3000       1448.0
   58.3200       1367.0
   58.3400       1311.0
   58.3600       1268.0
   58.3800       1142.0
   58.4000       1128.0
   58.4200       1081.0
   58.4400       1010.0
   58.4600        915.0
   58.4800        856.0
   58.5000        782.0
   58.5200        733.0
   58.5400        634.0
   58.5600        590.0
   58.5800        623.0
   58.6000        490.0
   58.6200        483.0
   58.6400        450.0
   58.6600        452.0
   58.6800        404.0
   58.7000        359.0
   58.7200        362.0
   58.7400        299.0
   58.7600        307.0
   58.7800        255.0
   58.8000        248.0
   58.8200        224.0
   58.8400        226.0
   58.8600        212.0
   58.8800        186.0
   58.9000        190.0
   58.9200        184.0
   58.9400        163.0
   58.9600        185.0
   58.9800        164.0
   59.0000        164.0
   59.0200        124.0
   59.0400        142.0
   59.0600        170.0
   59.0800        141.0
   59.1000        144.0
   59.1200        112.0
   59.1400        124.0
   59.1600        126.0
   59.1800        108.0
   59.2000        115.0
   59.2200        119.0
   59.2400        103.0
   59.2600        106.0
   59.2800         86.0
   59.3000        119.0
   59.3200        102.0
   59.3400         97.0
   59.3600         93.0
   59.3800         95.0
   59.4000         85.0
   59.4200         88.0
   59.4400         98.0
   59.4600         82.0
   59.4800        114.0
   59.5000         72.0
   59.5200         97.0
   59.5400         86.0
   59.5600         70.0
   59.5800         98.0
   59.6000         89.0
   59.6200         76.0
   59.6400         63.0
   59.6600         87.0
   59.6800         80.0
   59.7000         78.0
   59.7200         88.0
   59.7400         75.0
   59.7600         83.0
   59.7800         82.0
   59.8000         65.0
   59.8200         63.0
   59.8400         78.0
   59.8600         70.0
   59.8800         58.0
   59.9000         70.0
   59.9200         68.0
   59.9400         68.0
   59.9600         70.0
   59.9800         72.0
   60.0000         68.0
   60.0200         75.0
   60.0400         74.0
   60.0600         67.0
   60.0800         67.0
   60.1000         58.0
   60.1200         73.0
   60.1400         60.0
   60.1600         80.0
   60.1800         67.0
   60.2000         57.0
   60.2200         60.0
   60.2400         66.0
   60.2600         58.0
   60.2800         70.0
   60.3000         64.0
   60.3200         51.0
   60.3400         82.0
   60.3600         58.0
   60.3800         63.0
   60.4000         60.0
   60.4200         63.0
   60.4400         63.0
   60.4600         70.0
   60.4800         55.0
   60.5000         66.0
   60.5200         51.0
   60.5400         58.0
   60.5600         70.0
   60.5800         43.0
   60.6000         63.0
   60.6200         74.0
   60.6400         62.0
   60.6600         71.0
   60.6800         63.0
   60.7000         45.0
   60.7200         46.0
   60.7400         63.0
   60.7600         44.0
   60.7800         50.0
   60.8000         47.0
   60.8200         62.0
   60.8400         58.0
   60.8600         56.0
   60.8800         50.0
   60.9000         52.0
   60.9200         74.0
   60.9400         58.0
   60.9600         50.0
   60.9800         63.0
   61.0000         61.0
   61.0200         58.0
   61.0400         45.0
   61.0600         42.0
   61.0800         58.0
   61.1000         56.0
   61.1200         59.0
   61.1400         67.0
   61.1600         49.0
   61.1800         66.0
   61.2000         60.0
   61.2200         55.0
   61.2400         52.0
   61.2600         53.0
   61.2800         67.0
   61.3000         62.0
   61.3200         54.0
   61.3400         65.0
   61.3600         57.0
   61.3800         58.0
   61.4000         63.0
   61.4200         54.0
   61.4400         54.0
   61.4600         55.0
   61.4800         55.0
   61.5000         53.0
   61.5200         51.0
   61.5400         61.0
   61.5600         50.0
   61.5800         81.0
   61.6000         66.0
   61.6200         57.0
   61.6400         57.0
   61.6600         51.0
   61.6800         43.0
   61.7000         58.0
   61.7200         69.0
   61.7400         56.0
   61.7600         71.0
   61.7800         56.0
   61.8000         61.0
   61.8200         56.0
   61.8400         49.0
   61.8600         61.0
   61.8800         64.0
   61.9000         55.0
   61.9200         66.0
   61.9400         58.0
   61.9600         64.0
   61.9800         54.0
   62.0000         56.0
   62.0200         70.0
   62.0400         54.0
   62.0600         58.0
   62.0800         64.0
   62.1000         58.0
   62.1200         74.0
   62.1400         53.0
   62.1600         68.0
   62.1800         71.0
   62.2000         61.0
   62.2200         61.0
   62.2400         68.0
   62.2600         66.0
   62.2800         90.0
   62.3000         69.0
   62.3200         62.0
   62.3400         92.0
   62.3600         69.0
   62.3800         69.0
   62.4000         71.0
   62.4200         69.0
   62.4400         68.0
   62.4600         64.0
   62.4800         83.0
   62.5000         70.0
   62.5200         82.0
   62.5400         71.0
   62.5600         74.0
   62.5800         72.0
   62.6000         79.0
   62.6200         87.0
   62.6400         78.0
   62.6600         80.0
   62.6800        104.0
   62.7000         87.0
   62.7200         79.0
   62.7400         87.0
   62.7600         91.0
   62.7800        103.0
   62.8000        100.0
   62.8200        100.0
   62.8400         95.0
   62.8600        105.0
   62.8800        103.0
   62.9000         99.0
   62.9200        108.0
   62.9400        111.0
   62.9600        133.0
   62.9800        117.0
   63.0000        106.0
   63.0200        132.0
   63.0400        131.0
   63.0600        127.0
   63.0800        147.0
   63.1000        153.0
   63.1200        137.0
   63.1400        163.0
   63.1600        155.0
   63.1800        177.0
   63.2000        166.0
   63.2200        202.0
   63.2400        217.0
   63.2600        222.0
   63.2800        225.0
   63.3000        237.0
   63.3200        272.0
   63.3400        280.0
   63.3600        315.0
   63.3800        315.0
   63.4000        361.0
   63.4200        408.0
   63.4400        426.0
   63.4600        467.0
   63.4800        478.0
   63.5000        523.0
   63.5200        563.0
   63.5400        591.0
   63.5600        660.0
   63.5800        675.0
   63.6000        755.0
   63.6200        801.0
   63.6400        772.0
   63.6600        879.0
   63.6800        875.0
   63.7000       1004.0
   63.7200        971.0
   63.7400       1018.0
   63.7600       1180.0
   63.7800       1156.0
   63.8000       1119.0
   63.8200       1214.0
   63.8400       1214.0
   63.8600       1282.0
   63.8800       1272.0
   63.9000       1237.0
   63.9200       1281.0
   63.9400       1329.0
   63.9600       1209.0
   63.9800       1171.0
   64.0000       1191.0
   64.0200       1180.0
   64.0400       1097.0
   64.0600       1057.0
   64.0800       1037.0
   64.1000        924.0
   64.1200        962.0
   64.1400        888.0
   64.1600        857.0
   64.1800        794.0
   64.2000        730.0
   64.2200        691.0
   64.2400        619.0
   64.2600        661.0
   64.2800        598.0
   64.3000        541.0
   64.3200        546.0
   64.3400        463.0
   64.3600        414.0
   64.3800        394.0
   64.4000        347.0
   64.4200        338.0
   64.4400        301.0
   64.4600        320.0
   64.4800        291.0
   64.5000        284.0
   64.5200        245.0
   64.5400        245.0
   64.5600        234.0
   64.5800        202.0
   64.6000        213.0
   64.6200        194.0
   64.6400        181.0
   64.6600        187.0
   64.6800        180.0
   64.7000        186.0
   64.7200        161.0
   64.7400        189.0
   64.7600        161.0
   64.7800        141.0
   64.8000        119.0
   64.8200        143.0
   64.8400        141.0
   64.8600        157.0
   64.8800        123.0
   64.9000        141.0
   64.9200        144.0
   64.9400        121.0
   64.9600        132.0
   64.9800        149.0
   65.0000        151.0
   65.0200        153.0
   65.0400        135.0
   65.0600        128.0
   65.0800        115.0
   65.1000        132.0
   65.1200        129.0
   65.1400        127.0
   65.1600        135.0
   65.1800        139.0
   65.2000        115.0
   65.2200        117.0
   65.2400        123.0
   65.2600        128.0
   65.2800        139.0
   65.3000        145.0
   65.3200        144.0
   65.3400        141.0
   65.3600        149.0
   65.3800        147.0
   65.4000        139.0
   65.4200        156.0
   65.4400        138.0
   65.4600        165.0
   65.4800        150.0
   65.5000        173.0
   65.5200        170.0
   65.5400        171.0
   65.5600        192.0
   65.5800        206.0
   65.6000        184.0
   65.6200        226.0
   65.6400        214.0
   65.6600        235.0
   65.6800        202.0
   65.7000        272.0
   65.7200        291.0
   65.7400        301.0
   65.7600        293.0
   65.7800        323.0
   65.8000        342.0
   65.8200        394.0
   65.8400        410.0
   65.8600        459.0
   65.8800        474.0
   65.9000        503.0
   65.9200        513.0
   65.9400        592.0
   65.9600        630.0
   65.9800        657.0
   66.0000        721.0
   66.0200        750.0
   66.0400        825.0
   66.0600        873.0
   66.0800        904.0
   66.1000        982.0
   66.1200       1095.0
   66.1400       1109.0
   66.1600       1255.0
   66.1800       1259.0
   66.2000       1301.0
   66.2200       1341.0
   66.2400       1419.0
   66.2600       1453.0
   66.2800       1491.0
   66.3000       1575.0
   66.3200       1592.0
   66.3400       1691.0
   66.3600       1561.0
   66.3800       1687.0
   66.4000       1561.0
   66.4200       1720.0
   66.4400       1640.0
   66.4600       1572.0
   66.4800       1608.0
   66.5000       1533.0
   66.5200       1463.0
   66.5400       1414.0
   66.5600       1383.0
   66.5800       1359.0
   66.6000       1276.0
   66.6200       1206.0
   66.6400       1165.0
   66.6600       1086.0
   66.6800        992.0
   66.7000        947.0
   66.7200        899.0
   66.7400        842.0
   66.7600        829.0
   66.7800        759.0
   66.8000        632.0
   66.8200        620.0
   66.8400        560.0
   66.8600        556.0
   66.8800        482.0
   66.9000        484.0
   66.9200        438.0
   66.9400        375.0
   66.9600        404.0
   66.9800        358.0
   67.0000        331.0
   67.0200        295.0
   67.0400        278.0
   67.0600        263.0
   67.0800        219.0
   67.1000        255.0
   67.1200        206.0
   67.1400        224.0
   67.1600        214.0
   67.1800        217.0
   67.2000        183.0
   67.2200        160.0
   67.2400        164.0
   67.2600        186.0
   67.2800        136.0
   67.3000        169.0
   67.3200        119.0
   67.3400        126.0
   67.3600        120.0
   67.3800        149.0
   67.4000        123.0
   67.4200        106.0
   67.4400        101.0
   67.4600        104.0
   67.4800        127.0
   67.5000        116.0
   67.5200        103.0
   67.5400         98.0
   67.5600         94.0
   67.5800         83.0
   67.6000         93.0
   67.6200        108.0
   67.6400         89.0
   67.6600        100.0
   67.6800         74.0
   67.7000         74.0
   67.7200        101.0
   67.7400         66.0
   67.7600         86.0
   67.7800         74.0
   67.8000         65.0
   67.8200         78.0
   67.8400         88.0
   67.8600         79.0
   67.8800         61.0
   67.9000         69.0
   67.9200         72.0
   67.9400         73.0
   67.9600         75.0
   67.9800         55.0
   68.0000         74.0
   68.0200         76.0
   68.0400         66.0
   68.0600         63.0
   68.0800         61.0
   68.1000         59.0
   68.1200         55.0
   68.1400         72.0
   68.1600         60.0
   68.1800         70.0
   68.2000         54.0
   68.2200         66.0
   68.2400         56.0
   68.2600         57.0
   68.2800         78.0
   68.3000         59.0
   68.3200         52.0
   68.3400         59.0
   68.3600         47.0
   68.3800         59.0
   68.4000         68.0
   68.4200         45.0
   68.4400         57.0
   68.4600         49.0
   68.4800         46.0
   68.5000         49.0
   68.5200         58.0
   68.5400         48.0
   68.5600         42.0
   68.5800         48.0
   68.6000         56.0
   68.6200         46.0
   68.6400         37.0
   68.6600         52.0
   68.6800         53.0
   68.7000         45.0
   68.7200         45.0
   68.7400         48.0
   68.7600         41.0
   68.7800         41.0
   68.8000         47.0
   68.8200         52.0
   68.8400         46.0
   68.8600         39.0
   68.8800         50.0
   68.9000         36.0
   68.9200         45.0
   68.9400         41.0
   68.9600         34.0
   68.9800         45.0
   69.0000         56.0
   69.0200         53.0
   69.0400         57.0
   69.0600         34.0
   69.0800         48.0
   69.1000         41.0
   69.1200         35.0
   69.1400         32.0
   69.1600         45.0
   69.1800         44.0
   69.2000         29.0
   69.2200         44.0
   69.2400         33.0
   69.2600         51.0
   69.2800         53.0
   69.3000         37.0
   69.3200         47.0
   69.3400         39.0
   69.3600         40.0
   69.3800         53.0
   69.4000         36.0
   69.4200         35.0
   69.4400         42.0
   69.4600         28.0
   69.4800         41.0
   69.5000         42.0
   69.5200         46.0
   69.5400         35.0
   69.5600         45.0
   69.5800         42.0
   69.6000         40.0
   69.6200         36.0
   69.6400         43.0
   69.6600         44.0
   69.6800         32.0
   69.7000         34.0
   69.7200         38.0
   69.7400         42.0
   69.7600         30.0
   69.7800         36.0
   69.8000         43.0
   69.8200         46.0
   69.8400         36.0
   69.8600         34.0
   69.8800         36.0
   69.9000         38.0
   69.9200         32.0
   69.9400         56.0
   69.9600         45.0
   69.9800         30.0
   70.0000         46.0
   70.0200         46.0
   70.0400         41.0
   70.0600         37.0
   70.0800         39.0
   70.1000         38.0
   70.1200         31.0
   70.1400         42.0
   70.1600         39.0
   70.1800         46.0
   70.2000         33.0
   70.2200         37.0
   70.2400         41.0
   70.2600         34.0
   70.2800         38.0
   70.3000         35.0
   70.3200         43.0
   70.3400         27.0
   70.3600         34.0
   70.3800         47.0
   70.4000         31.0
   70.4200         37.0
   70.4400         37.0
   70.4600         39.0
   70.4800         39.0
   70.5000         42.0
   70.5200         40.0
   70.5400         28.0
   70.5600         26.0
   70.5800         39.0
   70.6000         32.0
   70.6200         33.0
   70.6400         30.0
   70.6600         26.0
   70.6800         36.0
   70.7000         32.0
   70.7200         31.0
   70.7400         27.0
   70.7600         35.0
   70.7800         28.0
   70.8000         34.0
   70.8200         41.0
   70.8400         42.0
   70.8600         36.0
   70.8800         31.0
   70.9000         36.0
   70.9200         40.0
   70.9400         39.0
   70.9600         29.0
   70.9800         32.0
   71.0000         36.0
   71.0200         47.0
   71.0400         28.0
   71.0600         28.0
   71.0800         38.0
   71.1000         39.0
   71.1200         28.0
   71.1400         36.0
   71.1600         28.0
   71.1800         31.0
   71.2000         32.0
   71.2200         35.0
   71.2400         30.0
   71.2600         27.0
   71.2800         39.0
   71.3000         32.0
   71.3200         39.0
   71.3400         38.0
   71.3600         33.0
   71.3800         28.0
   71.4000         36.0
   71.4200         28.0
   71.4400         32.0
   71.4600         29.0
   71.4800         29.0
   71.5000         36.0
   71.5200         29.0
   71.5400         31.0
   71.5600         28.0
   71.5800         32.0
   71.6000         25.0
   71.6200         38.0
   71.6400         35.0
   71.6600         34.0
   71.6800         32.0
   71.7000         27.0
   71.7200         32.0
   71.7400         28.0
   71.7600         31.0
   71.7800         35.0
   71.8000         30.0
   71.8200         28.0
   71.8400         35.0
   71.8600         32.0
   71.8800         31.0
   71.9000         43.0
   71.9200         39.0
   71.9400         33.0
   71.9600         35.0
   71.9800         44.0
   72.0000         35.0
   72.0200         32.0
   72.0400         24.0
   72.0600         34.0
   72.0800         29.0
   72.1000         32.0
   72.1200         22.0
   72.1400         37.0
   72.1600         23.0
   72.1800         33.0
   72.2000         21.0
   72.2200         23.0
   72.2400         31.0
   72.2600         34.0
   72.2800         30.0
   72.3000         27.0
   72.3200         29.0
   72.3400         36.0
   72.3600         33.0
   72.3800         26.0
   72.4000         29.0
   72.4200         34.0
   72.4400         21.0
   72.4600         30.0
   72.4800         34.0
   72.5000         29.0
   72.5200         36.0
   72.5400         29.0
   72.5600         27.0
   72.5800         30.0
   72.6000         32.0
   72.6200         29.0
   72.6400         30.0
   72.6600         33.0
   72.6800         28.0
   72.7000         26.0
   72.7200         37.0
   72.7400         32.0
   72.7600         23.0
   72.7800         35.0
   72.8000         23.0
   72.8200         33.0
   72.8400         23.0
   72.8600         37.0
   72.8800         32.0
   72.9000         27.0
   72.9200         25.0
   72.9400         32.0
   72.9600         18.0
   72.9800         29.0
   73.0000         36.0
   73.0200         27.0
   73.0400         35.0
   73.0600         29.0
   73.0800         25.0
   73.1000         27.0
   73.1200         38.0
   73.1400         31.0
   73.1600         33.0
   73.1800         23.0
   73.2000         32.0
   73.2200         29.0
   73.2400         29.0
   73.2600         28.0
   73.2800         27.0
   73.3000         18.0
   73.3200         31.0
   73.3400         21.0
   73.3600         33.0
   73.3800         26.0
   73.4000         32.0
   73.4200         44.0
   73.4400         28.0
   73.4600         32.0
   73.4800         32.0
   73.5000         23.0
   73.5200         19.0
   73.5400         29.0
   73.5600         33.0
   73.5800         26.0
   73.6000         20.0
   73.6200         27.0
   73.6400         35.0
   73.6600         23.0
   73.6800         33.0
   73.7000         24.0
   73.7200         29.0
   73.7400         29.0
   73.7600         32.0
   73.7800         27.0
   73.8000         30.0
   73.8200         36.0
   73.8400         23.0
   73.8600         31.0
   73.8800         15.0
   73.9000         25.0
   73.9200         27.0
   73.9400         25.0
   73.9600         30.0
   73.9800         32.0
   74.0000         39.0
   74.0200         26.0
   74.0400         19.0
   74.0600         22.0
   74.0800         30.0
   74.1000         30.0
   74.1200         21.0
   74.1400         38.0
   74.1600         27.0
   74.1800         18.0
   74.2000         37.0
   74.2200         25.0
   74.2400         27.0
   74.2600         27.0
   74.2800         30.0
   74.3000         31.0
   74.3200         29.0
   74.3400         35.0
   74.3600         35.0
   74.3800         24.0
   74.4000         41.0
   74.4200         35.0
   74.4400         29.0
   74.4600         32.0
   74.4800         27.0
   74.5000         29.0
   74.5200         31.0
   74.5400         26.0
   74.5600         25.0
   74.5800         23.0
   74.6000         33.0
   74.6200         20.0
   74.6400         29.0
   74.6600         27.0
   74.6800         24.0
   74.7000         28.0
   74.7200         25.0
   74.7400         34.0
   74.7600         32.0
   74.7800         31.0
   74.8000         34.0
   74.8200         19.0
   74.8400         21.0
   74.8600         30.0
   74.8800         35.0
   74.9000         31.0
   74.9200         28.0
   74.9400         34.0
   74.9600         32.0
   74.9800         27.0
   75.0000         23.0
   75.0200         22.0
   75.0400         21.0
   75.0600         19.0
   75.0800         18.0
   75.1000         37.0
   75.1200         25.0
   75.1400         20.0
   75.1600         24.0
   75.1800         35.0
   75.2000         23.0
   75.2200         26.0
   75.2400         27.0
   75.2600         19.0
   75.2800         27.0
   75.3000         22.0
   75.3200         30.0
   75.3400         28.0
   75.3600         26.0
   75.3800         36.0
   75.4000         22.0
   75.4200         26.0
   75.4400         26.0
   75.4600         19.0
   75.4800         32.0
   75.5000         22.0
   75.5200         17.0
   75.5400         31.0
   75.5600         33.0
   75.5800         30.0
   75.6000         23.0
   75.6200         28.0
   75.6400         24.0
   75.6600         17.0
   75.6800         24.0
   75.7000         29.0
   75.7200         23.0
   75.7400         26.0
   75.7600         22.0
   75.7800         28.0
   75.8000         36.0
   75.8200         21.0
   75.8400         24.0
   75.8600         19.0
   75.8800         18.0
   75.9000         32.0
   75.9200         35.0
   75.9400         29.0
   75.9600         26.0
   75.9800         27.0
   76.0000         38.0
   76.0200         22.0
   76.0400         26.0
   76.0600         27.0
   76.0800         30.0
   76.1000         31.0
   76.1200         14.0
   76.1400         34.0
   76.1600         24.0
   76.1800         26.0
   76.2000         22.0
   76.2200         15.0
   76.2400         35.0
   76.2600         26.0
   76.2800         38.0
   76.3000         20.0
   76.3200         30.0
   76.3400         28.0
   76.3600         24.0
   76.3800         24.0
   76.4000         25.0
   76.4200         23.0
   76.4400         29.0
   76.4600         29.0
   76.4800         31.0
   76.5000         28.0
   76.5200         19.0
   76.5400         33.0
   76.5600         21.0
   76.5800         27.0
   76.6000         16.0
   76.6200         24.0
   76.6400         29.0
   76.6600         17.0
   76.6800         32.0
   76.7000         29.0
   76.7200         24.0
   76.7400         26.0
   76.7600         34.0
   76.7800         20.0
   76.8000         29.0
   76.8200         30.0
   76.8400         27.0
   76.8600         29.0
   76.8800         24.0
   76.9000         25.0
   76.9200         28.0
   76.9400         26.0
   76.9600         26.0
   76.9800         30.0
   77.0000         19.0
   77.0200         28.0
   77.0400         30.0
   77.0600         24.0
   77.0800         16.0
   77.1000         27.0
   77.1200         27.0
   77.1400         27.0
   77.1600         25.0
   77.1800         27.0
   77.2000         27.0
   77.2200         29.0
   77.2400         22.0
   77.2600         21.0
   77.2800         30.0
   77.3000         26.0
   77.3200         25.0
   77.3400         20.0
   77.3600         39.0
   77.3800         20.0
   77.4000         29.0
   77.4200         24.0
   77.4400         30.0
   77.4600         31.0
   77.4800         24.0
   77.5000         27.0
   77.5200         25.0
   77.5400         29.0
   77.5600         18.0
   77.5800         19.0
   77.6000         19.0
   77.6200         30.0
   77.6400         31.0
   77.6600         30.0
   77.6800         27.0
   77.7000         27.0
   77.7200         33.0
   77.7400         22.0
   77.7600         22.0
   77.7800         22.0
   77.8000         16.0
   77.8200         21.0
   77.8400         27.0
   77.8600         23.0
   77.8800         27.0
   77.9000         31.0
   77.9200         31.0
   77.9400         27.0
   77.9600         25.0
   77.9800         36.0
   78.0000         25.0
   78.0200         27.0
   78.0400         21.0
   78.0600         15.0
   78.0800         15.0
   78.1000         18.0
   78.1200         30.0
   78.1400         31.0
   78.1600         24.0
   78.1800         28.0
   78.2000         21.0
   78.2200         16.0
   78.2400         24.0
   78.2600         22.0
   78.2800         23.0
   78.3000         23.0
   78.3200         15.0
   78.3400         21.0
   78.3600         27.0
   78.3800         29.0
   78.4000         17.0
   78.4200         30.0
   78.4400         19.0
   78.4600         36.0
   78.4800         29.0
   78.5000         25.0
   78.5200         28.0
   78.5400         25.0
   78.5600         31.0
   78.5800         26.0
   78.6000         22.0
   78.6200         28.0
   78.6400         35.0
   78.6600         23.0
   78.6800         34.0
   78.7000         21.0
   78.7200         22.0
   78.7400         21.0
   78.7600         21.0
   78.7800         26.0
   78.8000         22.0
   78.8200         24.0
   78.8400         24.0
   78.8600         21.0
   78.8800         29.0
   78.9000         22.0
   78.9200         22.0
   78.9400         25.0
   78.9600         32.0
   78.9800         26.0
   79.0000         25.0
   79.0200         24.0
   79.0400         34.0
   79.0600         18.0
   79.0800         25.0
   79.1000         22.0
   79.1200         32.0
   79.1400         18.0
   79.1600         19.0
   79.1800         34.0
   79.2000         26.0
   79.2200         20.0
   79.2400         28.0
   79.2600         22.0
   79.2800         23.0
   79.3000         16.0
   79.3200         21.0
   79.3400         30.0
   79.3600         23.0
   79.3800         16.0
   79.4000         24.0
   79.4200         22.0
   79.4400         33.0
   79.4600         29.0
   79.4800         14.0
   79.5000         23.0
   79.5200         16.0
   79.5400         18.0
   79.5600         24.0
   79.5800         17.0
   79.6000         19.0
   79.6200         21.0
   79.6400         24.0
   79.6600         27.0
   79.6800         23.0
   79.7000         31.0
   79.7200         17.0
   79.7400         36.0
   79.7600         21.0
   79.7800         24.0
   79.8000         23.0
   79.8200         29.0
   79.8400         24.0
   79.8600         23.0
   79.8800         21.0
   79.9000         24.0
   79.9200         13.0
   79.9400         24.0
   79.9600         20.0
   79.9800         26.0
   80.0000         22.0
