# Simulated wurtzite CdSe pattern from the physics-informed forward model.
# Not laboratory data. Generated at 320 C for demonstration.
  <2Theta>   <   I   >
   20.0000        142.0
   20.0200        120.0
   20.0400        126.0
   20.0600        135.0
   20.0800        131.0
   20.1000        129.0
   20.1200        146.0
   20.1400        121.0
   20.1600        143.0
   20.1800        127.0
   20.2000        157.0
   20.2200        134.0
   20.2400        135.0
   20.2600        141.0
   20.2800        138.0
   20.3000        125.0
   20.3200        123.0
   20.3400        116.0
   20.3600        142.0
   20.3800        134.0
   20.4000        134.0
   20.4200        137.0
   20.4400        138.0
   20.4600        139.0
   20.4800        188.0
   20.5000        140.0
   20.5200        152.0
   20.5400        156.0
   20.5600        128.0
   20.5800        147.0
   20.6000        143.0
   20.6200        140.0
   20.6400        151.0
   20.6600        143.0
   20.6800        157.0
   20.7000        137.0
   20.7200        150.0
   20.7400        141.0
   20.7600        166.0
   20.7800        170.0
   20.8000        152.0
   20.8200        145.0
   20.8400        156.0
   20.8600        121.0
   20.8800        158.0
   20.9000        167.0
   20.9200        160.0
   20.9400        136.0
   20.9600        155.0
   20.9800        186.0
   21.0000        147.0
   21.0200        160.0
   21.0400        136.0
   21.0600        141.0
   21.0800        150.0
   21.1000        150.0
   21.1200        157.0
   21.1400        128.0
   21.1600        151.0
   21.1800        148.0
   21.2000        157.0
   21.2200        155.0
   21.2400        128.0
   21.2600        154.0
   21.2800        164.0
   21.3000        153.0
   21.3200        176.0
   21.3400        156.0
   21.3600        177.0
   21.3800        176.0
   21.4000        171.0
   21.4200        152.0
   21.4400        157.0
   21.4600        181.0
   21.4800        154.0
   21.5000        170.0
   21.5200        155.0
   21.5400        161.0
   21.5600        188.0
   21.5800        188.0
   21.6000        145.0
   21.6200        151.0
   21.6400        183.0
   21.6600        185.0
   21.6800        185.0
   21.7000        188.0
   21.7200        167.0
   21.7400        175.0
   21.7600        174.0
   21.7800        170.0
   21.8000        179.0
   21.8200        156.0
   21.8400        195.0
   21.8600        178.0
   21.8800        184.0
   21.9000        180.0
   21.9200        181.0
   21.9400        199.0
   21.9600        173.0
   21.9800        179.0
   22.0000        214.0
   22.0200        188.0
   22.0400        203.0
   22.0600        208.0
   22.0800        203.0
   22.1000        212.0
   22.1200        181.0
   22.1400        192.0
   22.1600        209.0
   22.1800        217.0
   22.2000        203.0
   22.2200        204.0
   22.2400        194.0
   22.2600        201.0
   22.2800        215.0
   22.3000        230.0
   22.3200        187.0
   22.3400        225.0
   22.3600        239.0
   22.3800        252.0
   22.4000        224.0
   22.4200        258.0
   22.4400        216.0
   22.4600        255.0
   22.4800        252.0
   22.5000        242.0
   22.5200        234.0
   22.5400        239.0
   22.5600        224.0
   22.5800        242.0
   22.6000        292.0
   22.6200        282.0
   22.6400        256.0
   22.6600        272.0
   22.6800        275.0
   22.7000        276.0
   22.7200        262.0
   22.7400        269.0
   22.7600        302.0
   22.7800        308.0
   22.8000        305.0
   22.8200        283.0
   22.8400        340.0
   22.8600        327.0
   22.8800        304.0
   22.9000        298.0
   22.9200        331.0
   22.9400        341.0
   22.9600        321.0
   22.9800        337.0
   23.0000        339.0
   23.0200        401.0
   23.0400        401.0
   23.0600        373.0
   23.0800        409.0
   23.1000        378.0
   23.1200        421.0
   23.1400        491.0
   23.1600        430.0
   23.1800        523.0
   23.2000        487.0
   23.2200        494.0
   23.2400        548.0
   23.2600        589.0
   23.2800        624.0
   23.3000        638.0
   23.3200        692.0
   23.3400        689.0
   23.3600        801.0
   23.3800        941.0
   23.4000        985.0
   23.4200        972.0
   23.4400       1132.0
   23.4600       1261.0
   23.4800       1387.0
   23.5000       1610.0
   23.5200       1800.0
   23.5400       2004.0
   23.5600       2240.0
   23.5800       2563.0
   23.6000       2849.0
   23.6200       3259.0
   23.6400       3510.0
   23.6600       3945.0
   23.6800       4241.0
   23.7000       4719.0
   23.7200       5174.0
   23.7400       5885.0
   23.7600       6076.0
   23.7800       6561.0
   23.8000       6842.0
   23.8200       7200.0
   23.8400       7190.0
   23.8600       7564.0
   23.8800       7350.0
   23.9000       7285.0
   23.9200       7125.0
   23.9400       6792.0
   23.9600       6474.0
   23.9800       6090.0
   24.0000       5633.0
   24.0200       5091.0
   24.0400       4677.0
   24.0600       4373.0
   24.0800       4018.0
   24.1000       3469.0
   24.1200       3099.0
   24.1400       2782.0
   24.1600       2520.0
   24.1800       2204.0
   24.2000       1965.0
   24.2200       1756.0
   24.2400       1615.0
   24.2600       1541.0
   24.2800       1301.0
   24.3000       1221.0
   24.3200       1115.0
   24.3400       1051.0
   24.3600        948.0
   24.3800        942.0
   24.4000        823.0
   24.4200        869.0
   24.4400        782.0
   24.4600        769.0
   24.4800        725.0
   24.5000        737.0
   24.5200        744.0
   24.5400        687.0
   24.5600        664.0
   24.5800        690.0
   24.6000        641.0
   24.6200        688.0
   24.6400        655.0
   24.6600        655.0
   24.6800        665.0
   24.7000        625.0
   24.7200        749.0
   24.7400        655.0
   24.7600        702.0
   24.7800        700.0
   24.8000        753.0
   24.8200        742.0
   24.8400        848.0
   24.8600        903.0
   24.8800        910.0
   24.9000        951.0
   24.9200       1075.0
   24.9400       1167.0
   24.9600       1224.0
   24.9800       1349.0
   25.0000       1450.0
   25.0200       1585.0
   25.0400       1789.0
   25.0600       2001.0
   25.0800       2160.0
   25.1000       2470.0
   25.1200       2769.0
   25.1400       3124.0
   25.1600       3448.0
   25.1800       3785.0
   25.2000       4098.0
   25.2200       4628.0
   25.2400       4958.0
   25.2600       5311.0
   25.2800       5690.0
   25.3000       6105.0
   25.3200       6363.0
   25.3400       6697.0
   25.3600       6750.0
   25.3800       6840.0
   25.4000       6909.0
   25.4200       6762.0
   25.4400       6604.0
   25.4600       6498.0
   25.4800       6104.0
   25.5000       5705.0
   25.5200       5365.0
   25.5400       4894.0
   25.5600       4504.0
   25.5800       4219.0
   25.6000       3695.0
   25.6200       3443.0
   25.6400       3030.0
   25.6600       2727.0
   25.6800       2531.0
   25.7000       2213.0
   25.7200       1974.0
   25.7400       1826.0
   25.7600       1604.0
   25.7800       1462.0
   25.8000       1240.0
   25.8200       1183.0
   25.8400       1111.0
   25.8600        970.0
   25.8800        985.0
   25.9000        901.0
   25.9200        793.0
   25.9400        778.0
   25.9600        747.0
   25.9800        727.0
   26.0000        708.0
   26.0200        664.0
   26.0400        639.0
   26.0600        676.0
   26.0800        683.0
   26.1000        620.0
   26.1200        679.0
   26.1400        652.0
   26.1600        659.0
   26.1800        562.0
   26.2000        587.0
   26.2200        597.0
   26.2400        655.0
   26.2600        648.0
   26.2800        629.0
   26.3000        603.0
   26.3200        641.0
   26.3400        701.0
   26.3600        644.0
   26.3800        662.0
   26.4000        767.0
   26.4200        703.0
   26.4400        750.0
   26.4600        788.0
   26.4800        799.0
   26.5000        883.0
   26.5200        916.0
   26.5400        989.0
   26.5600       1043.0
   26.5800       1181.0
   26.6000       1200.0
   26.6200       1369.0
   26.6400       1419.0
   26.6600       1675.0
   26.6800       1793.0
   26.7000       2069.0
   26.7200       2305.0
   26.7400       2545.0
   26.7600       2745.0
   26.7800       3167.0
   26.8000       3541.0
   26.8200       3882.0
   26.8400       4341.0
   26.8600       4956.0
   26.8800       5384.0
   26.9000       5927.0
   26.9200       6253.0
   26.9400       7135.0
   26.9600       7626.0
   26.9800       7922.0
   27.0000       8655.0
   27.0200       9049.0
   27.0400       9243.0
   27.0600       9403.0
   27.0800       9502.0
   27.1000       9446.0
   27.1200       9478.0
   27.1400       9023.0
   27.1600       8762.0
   27.1800       8226.0
   27.2000       7709.0
   27.2200       7291.0
   27.2400       6740.0
   27.2600       6102.0
   27.2800       5728.0
   27.3000       5103.0
   27.3200       4602.0
   27.3400       4182.0
   27.3600       3681.0
   27.3800       3228.0
   27.4000       2911.0
   27.4200       2632.0
   27.4400       2280.0
   27.4600       2051.0
   27.4800       1745.0
   27.5000       1586.0
   27.5200       1476.0
   27.5400       1281.0
   27.5600       1163.0
   27.5800       1060.0
   27.6000        972.0
   27.6200        947.0
   27.6400        866.0
   27.6600        803.0
   27.6800        714.0
   27.7000        735.0
   27.7200        605.0
   27.7400        603.0
   27.7600        549.0
   27.7800        577.0
   27.8000        472.0
   27.8200        536.0
   27.8400        479.0
   27.8600        430.0
   27.8800        433.0
   27.9000        428.0
   27.9200        424.0
   27.9400        392.0
   27.9600        416.0
   27.9800        361.0
   28.0000        354.0
   28.0200        364.0
   28.0400        334.0
   28.0600        320.0
   28.0800        325.0
   28.1000        289.0
   28.1200        302.0
   28.1400        275.0
   28.1600        284.0
   28.1800        282.0
   28.2000        284.0
   28.2200        250.0
   28.2400        266.0
   28.2600        243.0
   28.2800        242.0
   28.3000        226.0
   28.3200        254.0
   28.3400        219.0
   28.3600        236.0
   28.3800        219.0
   28.4000        211.0
   28.4200        211.0
   28.4400        173.0
   28.4600        185.0
   28.4800        191.0
   28.5000        176.0
   28.5200        189.0
   28.5400        178.0
   28.5600        167.0
   28.5800        195.0
   28.6000        198.0
   28.6200        171.0
   28.6400        193.0
   28.6600        190.0
   28.6800        167.0
   28.7000        170.0
   28.7200        165.0
   28.7400        138.0
   28.7600        174.0
   28.7800        146.0
   28.8000        165.0
   28.8200        145.0
   28.8400        162.0
   28.8600        163.0
   28.8800        144.0
   28.9000        157.0
   28.9200        133.0
   28.9400        127.0
   28.9600        151.0
   28.9800        133.0
   29.0000        132.0
   29.0200        138.0
   29.0400        112.0
   29.0600        119.0
   29.0800        125.0
   29.1000        134.0
   29.1200        124.0
   29.1400        121.0
   29.1600        137.0
   29.1800        120.0
   29.2000        125.0
   29.2200        122.0
   29.2400        116.0
   29.2600        117.0
   29.2800        108.0
   29.3000        101.0
   29.3200        105.0
   29.3400        115.0
   29.3600        112.0
   29.3800        116.0
   29.4000        106.0
   29.4200         99.0
   29.4400        107.0
   29.4600        107.0
   29.4800        116.0
   29.5000         94.0
   29.5200        109.0
   29.5400        111.0
   29.5600        104.0
   29.5800        111.0
   29.6000         96.0
   29.6200        100.0
   29.6400        114.0
   29.6600        106.0
   29.6800        100.0
   29.7000         97.0
   29.7200        108.0
   29.7400        106.0
   29.7600        103.0
   29.7800        106.0
   29.8000         85.0
   29.8200         93.0
   29.8400         84.0
   29.8600         97.0
   29.8800         91.0
   29.9000         88.0
   29.9200         98.0
   29.9400         79.0
   29.9600         99.0
   29.9800         96.0
   30.0000        108.0
   30.0200         87.0
   30.0400         78.0
   30.0600         76.0
   30.0800         84.0
   30.1000         88.0
   30.1200         98.0
   30.1400         85.0
   30.1600         99.0
   30.1800         82.0
   30.2000         95.0
   30.2200         92.0
   30.2400         75.0
   30.2600         65.0
   30.2800         97.0
   30.3000         74.0
   30.3200         79.0
   30.3400         79.0
   30.3600         78.0
   30.3800         87.0
   30.4000         78.0
   30.4200         66.0
   30.4400         90.0
   30.4600         80.0
   30.4800         68.0
   30.5000         77.0
   30.5200         86.0
   30.5400         75.0
   30.5600         74.0
   30.5800         82.0
   30.6000         82.0
   30.6200         69.0
   30.6400         79.0
   30.6600         73.0
   30.6800         72.0
   30.7000         84.0
   30.7200         82.0
   30.7400         79.0
   30.7600         80.0
   30.7800         87.0
   30.8000         76.0
   30.8200         78.0
   30.8400         74.0
   30.8600         75.0
   30.8800         67.0
   30.9000         88.0
   30.9200         68.0
   30.9400         65.0
   30.9600         52.0
   30.9800         71.0
   31.0000         78.0
   31.0200         67.0
   31.0400         66.0
   31.0600         69.0
   31.0800         75.0
   31.1000         83.0
   31.1200         77.0
   31.1400         78.0
   31.1600         73.0
   31.1800         72.0
   31.2000         76.0
   31.2200         80.0
   31.2400         70.0
   31.2600         69.0
   31.2800         66.0
   31.3000         59.0
   31.3200         76.0
   31.3400         65.0
   31.3600         74.0
   31.3800         66.0
   31.4000         63.0
   31.4200         79.0
   31.4400         61.0
   31.4600         60.0
   31.4800         65.0
   31.5000         65.0
   31.5200         79.0
   31.5400         73.0
   31.5600         60.0
   31.5800         77.0
   31.6000         68.0
   31.6200         77.0
   31.6400         65.0
   31.6600         70.0
   31.6800         84.0
   31.7000         59.0
   31.7200         72.0
   31.7400         76.0
   31.7600         53.0
   31.7800         78.0
   31.8000         65.0
   31.8200         65.0
   31.8400         73.0
   31.8600         69.0
   31.8800         62.0
   31.9000         62.0
   31.9200         55.0
   31.9400         70.0
   31.9600         59.0
   31.9800         74.0
   32.0000         75.0
   32.0200         60.0
   32.0400         91.0
   32.0600         76.0
   32.0800         70.0
   32.1000         62.0
   32.1200         69.0
   32.1400         94.0
   32.1600         74.0
   32.1800         60.0
   32.2000         90.0
   32.2200         60.0
   32.2400         77.0
   32.2600         80.0
   32.2800         67.0
   32.3000         57.0
   32.3200         77.0
   32.3400         74.0
   32.3600         74.0
   32.3800         68.0
   32.4000         55.0
   32.4200         67.0
   32.4400         83.0
   32.4600         60.0
   32.4800         73.0
   32.5000         76.0
   32.5200         62.0
   32.5400         84.0
   32.5600         75.0
   32.5800         66.0
   32.6000         79.0
   32.6200         61.0
   32.6400         80.0
   32.6600         67.0
   32.6800         75.0
   32.7000         71.0
   32.7200         62.0
   32.7400         64.0
   32.7600         80.0
   32.7800         85.0
   32.8000         77.0
   32.8200         68.0
   32.8400         66.0
   32.8600         66.0
   32.8800         69.0
   32.9000         64.0
   32.9200         80.0
   32.9400         77.0
   32.9600         81.0
   32.9800         64.0
   33.0000         78.0
   33.0200         60.0
   33.0400         69.0
   33.0600         76.0
   33.0800         63.0
   33.1000         74.0
   33.1200         75.0
   33.1400         78.0
   33.1600         91.0
   33.1800         68.0
   33.2000         79.0
   33.2200         66.0
   33.2400         96.0
   33.2600         79.0
   33.2800         91.0
   33.3000         79.0
   33.3200         81.0
   33.3400         71.0
   33.3600         80.0
   33.3800         76.0
   33.4000         76.0
   33.4200         90.0
   33.4400         85.0
   33.4600         81.0
   33.4800         97.0
   33.5000         80.0
   33.5200         86.0
   33.5400         81.0
   33.5600        103.0
   33.5800         83.0
   33.6000         99.0
   33.6200         87.0
   33.6400        100.0
   33.6600         88.0
   33.6800         87.0
   33.7000         83.0
   33.7200         85.0
   33.7400         94.0
   33.7600         96.0
   33.7800        102.0
   33.8000        112.0
   33.8200        128.0
   33.8400        109.0
   33.8600        114.0
   33.8800        104.0
   33.9000        103.0
   33.9200        119.0
   33.9400        126.0
   33.9600        109.0
   33.9800        119.0
   34.0000        135.0
   34.0200        110.0
   34.0400        126.0
   34.0600        129.0
   34.0800        155.0
   34.1000        110.0
   34.1200        131.0
   34.1400        149.0
   34.1600        133.0
   34.1800        146.0
   34.2000        156.0
   34.2200        151.0
   34.2400        170.0
   34.2600        165.0
   34.2800        158.0
   34.3000        166.0
   34.3200        195.0
   34.3400        186.0
   34.3600        220.0
   34.3800        211.0
   34.4000        233.0
   34.4200        205.0
   34.4400        213.0
   34.4600        237.0
   34.4800        287.0
   34.5000        275.0
   34.5200        282.0
   34.5400        335.0
   34.5600        305.0
   34.5800        352.0
   34.6000        423.0
   34.6200        436.0
   34.6400        498.0
   34.6600        492.0
   34.6800        582.0
   34.7000        681.0
   34.7200        687.0
   34.7400        798.0
   34.7600        920.0
   34.7800        997.0
   34.8000       1075.0
   34.8200       1144.0
   34.8400       1404.0
   34.8600       1477.0
   34.8800       1628.0
   34.9000       1805.0
   34.9200       1861.0
   34.9400       2166.0
   34.9600       2274.0
   34.9800       2420.0
   35.0000       2583.0
   35.0200       2758.0
   35.0400       2948.0
   35.0600       2978.0
   35.0800       3144.0
   35.1000       3263.0
   35.1200       3177.0
   35.1400       3175.0
   35.1600       3189.0
   35.1800       3063.0
   35.2000       3061.0
   35.2200       2885.0
   35.2400       2656.0
   35.2600       2432.0
   35.2800       2362.0
   35.3000       2244.0
   35.3200       2010.0
   35.3400       1862.0
   35.3600       1712.0
   35.3800       1576.0
   35.4000       1458.0
   35.4200       1317.0
   35.4400       1171.0
   35.4600       1082.0
   35.4800        938.0
   35.5000        838.0
   35.5200        701.0
   35.5400        670.0
   35.5600        638.0
   35.5800        545.0
   35.6000        492.0
   35.6200        480.0
   35.6400        398.0
   35.6600        386.0
   35.6800        295.0
   35.7000        311.0
   35.7200        311.0
   35.7400        291.0
   35.7600        282.0
   35.7800        233.0
   35.8000        250.0
   35.8200        232.0
   35.8400        204.0
   35.8600        200.0
   35.8800        211.0
   35.9000        195.0
   35.9200        180.0
   35.9400        178.0
   35.9600        163.0
   35.9800        175.0
   36.0000        155.0
   36.0200        167.0
   36.0400        147.0
   36.0600        158.0
   36.0800        150.0
   36.1000        127.0
   36.1200        148.0
   36.1400        156.0
   36.1600        137.0
   36.1800        119.0
   36.2000        134.0
   36.2200        118.0
   36.2400        129.0
   36.2600         97.0
   36.2800        123.0
   36.3000        122.0
   36.3200        111.0
   36.3400        111.0
   36.3600        102.0
   36.3800        120.0
   36.4000        103.0
   36.4200         93.0
   36.4400        110.0
   36.4600        102.0
   36.4800        111.0
   36.5000         97.0
   36.5200        107.0
   36.5400         99.0
   36.5600         91.0
   36.5800         99.0
   36.6000         93.0
   36.6200         98.0
   36.6400         72.0
   36.6600         85.0
   36.6800         89.0
   36.7000         99.0
   36.7200         93.0
   36.7400         94.0
   36.7600         85.0
   36.7800         73.0
   36.8000         82.0
   36.8200         74.0
   36.8400         94.0
   36.8600         90.0
   36.8800         90.0
   36.9000         89.0
   36.9200         91.0
   36.9400         79.0
   36.9600         77.0
   36.9800         84.0
   37.0000         79.0
   37.0200         74.0
   37.0400         81.0
   37.0600         77.0
   37.0800         61.0
   37.1000         71.0
   37.1200         72.0
   37.1400         61.0
   37.1600         71.0
   37.1800         83.0
   37.2000         68.0
   37.2200         71.0
   37.2400         67.0
   37.2600         64.0
   37.2800         64.0
   37.3000         76.0
   37.3200         73.0
   37.3400         71.0
   37.3600         89.0
   37.3800         61.0
   37.4000         67.0
   37.4200         72.0
   37.4400         62.0
   37.4600         62.0
   37.4800         63.0
   37.5000         68.0
   37.5200         68.0
   37.5400         61.0
   37.5600         74.0
   37.5800         59.0
   37.6000         70.0
   37.6200         68.0
   37.6400         69.0
   37.6600         72.0
   37.6800         65.0
   37.7000         69.0
   37.7200         79.0
   37.7400         58.0
   37.7600         60.0
   37.7800         80.0
   37.8000         59.0
   37.8200         63.0
   37.8400         47.0
   37.8600         64.0
   37.8800         72.0
   37.9000         62.0
   37.9200         66.0
   37.9400         54.0
   37.9600         58.0
   37.9800         74.0
   38.0000         76.0
   38.0200         60.0
   38.0400         57.0
   38.0600         77.0
   38.0800         59.0
   38.1000         69.0
   38.1200         71.0
   38.1400         62.0
   38.1600         65.0
   38.1800         76.0
   38.2000         60.0
   38.2200         63.0
   38.2400         64.0
   38.2600         64.0
   38.2800         65.0
   38.3000         61.0
   38.3200         53.0
   38.3400         81.0
   38.3600         72.0
   38.3800         77.0
   38.4000         65.0
   38.4200         58.0
   38.4400         70.0
   38.4600         73.0
   38.4800         64.0
   38.5000         70.0
   38.5200         52.0
   38.5400         77.0
   38.5600         74.0
   38.5800         72.0
   38.6000         59.0
   38.6200         63.0
   38.6400         74.0
   38.6600         78.0
   38.6800         65.0
   38.7000         58.0
   38.7200         69.0
   38.7400         75.0
   38.7600         64.0
   38.7800         91.0
   38.8000         62.0
   38.8200         72.0
   38.8400         71.0
   38.8600         78.0
   38.8800         76.0
   38.9000         71.0
   38.9200         71.0
   38.9400         73.0
   38.9600         73.0
   38.9800         81.0
   39.0000         79.0
   39.0200         71.0
   39.0400         71.0
   39.0600         79.0
   39.0800         80.0
   39.1000         86.0
   39.1200         76.0
   39.1400         60.0
   39.1600         63.0
   39.1800         86.0
   39.2000         78.0
   39.2200         71.0
   39.2400         74.0
   39.2600         85.0
   39.2800         68.0
   39.3000         80.0
   39.3200         75.0
   39.3400         74.0
   39.3600         69.0
   39.3800         68.0
   39.4000         80.0
   39.4200         76.0
   39.4400         78.0
   39.4600         72.0
   39.4800         84.0
   39.5000         79.0
   39.5200         78.0
   39.5400         91.0
   39.5600         84.0
   39.5800         86.0
   39.6000         88.0
   39.6200         80.0
   39.6400         97.0
   39.6600         87.0
   39.6800         83.0
   39.7000         78.0
   39.7200         74.0
   39.7400         95.0
   39.7600         90.0
   39.7800         83.0
   39.8000         78.0
   39.8200        101.0
   39.8400         85.0
   39.8600         95.0
   39.8800         82.0
   39.9000         90.0
   39.9200         75.0
   39.9400         93.0
   39.9600         93.0
   39.9800        107.0
   40.0000        104.0
   40.0200         93.0
   40.0400         93.0
   40.0600        105.0
   40.0800         91.0
   40.1000        113.0
   40.1200        100.0
   40.1400        105.0
   40.1600        109.0
   40.1800        108.0
   40.2000        113.0
   40.2200        100.0
   40.2400        126.0
   40.2600        120.0
   40.2800         97.0
   40.3000        126.0
   40.3200        123.0
   40.3400        123.0
   40.3600        124.0
   40.3800        118.0
   40.4000        118.0
   40.4200        143.0
   40.4400        106.0
   40.4600        122.0
   40.4800        134.0
   40.5000        132.0
   40.5200        143.0
   40.5400        132.0
   40.5600        151.0
   40.5800        134.0
   40.6000        140.0
   40.6200        150.0
   40.6400        148.0
   40.6600        178.0
   40.6800        148.0
   40.7000        158.0
   40.7200        162.0
   40.7400        168.0
   40.7600        194.0
   40.7800        181.0
   40.8000        170.0
   40.8200        162.0
   40.8400        192.0
   40.8600        164.0
   40.8800        201.0
   40.9000        198.0
   40.9200        208.0
   40.9400        191.0
   40.9600        220.0
   40.9800        206.0
   41.0000        257.0
   41.0200        218.0
   41.0400        255.0
   41.0600        287.0
   41.0800        266.0
   41.1000        273.0
   41.1200        295.0
   41.1400        289.0
   41.1600        271.0
   41.1800        346.0
   41.2000        310.0
   41.2200        350.0
   41.2400        361.0
   41.2600        403.0
   41.2800        393.0
   41.3000        410.0
   41.3200        423.0
   41.3400        466.0
   41.3600        520.0
   41.3800        528.0
   41.4000        612.0
   41.4200        688.0
   41.4400        725.0
   41.4600        765.0
   41.4800        881.0
   41.5000        896.0
   41.5200       1038.0
   41.5400       1149.0
   41.5600       1197.0
   41.5800       1432.0
   41.6000       1578.0
   41.6200       1740.0
   41.6400       1982.0
   41.6600       2113.0
   41.6800       2308.0
   41.7000       2427.0
   41.7200       2812.0
   41.7400       2989.0
   41.7600       3230.0
   41.7800       3554.0
   41.8000       3791.0
   41.8200       4018.0
   41.8400       4388.0
   41.8600       4413.0
   41.8800       4899.0
   41.9000       5067.0
   41.9200       5093.0
   41.9400       5168.0
   41.9600       5236.0
   41.9800       5360.0
   42.0000       5248.0
   42.0200       5171.0
   42.0400       4909.0
   42.0600       4801.0
   42.0800       4694.0
   42.1000       4443.0
   42.1200       4176.0
   42.1400       3912.0
   42.1600       3722.0
   42.1800       3437.0
   42.2000       3199.0
   42.2200       2891.0
   42.2400       2678.0
   42.2600       2415.0
   42.2800       2256.0
   42.3000       1993.0
   42.3200       1820.0
   42.3400       1703.0
   42.3600       1438.0
   42.3800       1350.0
   42.4000       1212.0
   42.4200       1070.0
   42.4400        970.0
   42.4600        905.0
   42.4800        843.0
   42.5000        770.0
   42.5200        698.0
   42.5400        618.0
   42.5600        585.0
   42.5800        540.0
   42.6000        508.0
   42.6200        461.0
   42.6400        455.0
   42.6600        383.0
   42.6800        408.0
   42.7000        405.0
   42.7200        338.0
   42.7400        331.0
   42.7600        342.0
   42.7800        288.0
   42.8000        283.0
   42.8200        289.0
   42.8400        272.0
   42.8600        285.0
   42.8800        280.0
   42.9000        266.0
   42.9200        260.0
   42.9400        229.0
   42.9600        216.0
   42.9800        256.0
   43.0000        236.0
   43.0200        215.0
   43.0400        198.0
   43.0600        199.0
   43.0800        220.0
   43.1000        214.0
   43.1200        212.0
   43.1400        191.0
   43.1600        195.0
   43.1800        197.0
   43.2000        197.0
   43.2200        192.0
   43.2400        163.0
   43.2600        188.0
   43.2800        160.0
   43.3000        164.0
   43.3200        170.0
   43.3400        169.0
   43.3600        181.0
   43.3800        182.0
   43.4000        174.0
   43.4200        133.0
   43.4400        145.0
   43.4600        147.0
   43.4800        125.0
   43.5000        157.0
   43.5200        169.0
   43.5400        145.0
   43.5600        130.0
   43.5800        139.0
   43.6000        148.0
   43.6200        141.0
   43.6400        136.0
   43.6600        162.0
   43.6800        150.0
   43.7000        152.0
   43.7200        157.0
   43.7400        142.0
   43.7600        123.0
   43.7800        154.0
   43.8000        135.0
   43.8200        166.0
   43.8400        148.0
   43.8600        155.0
   43.8800        135.0
   43.9000        129.0
   43.9200        126.0
   43.9400        150.0
   43.9600        164.0
   43.9800        136.0
   44.0000        158.0
   44.0200        143.0
   44.0400        135.0
   44.0600        141.0
   44.0800        161.0
   44.1000        156.0
   44.1200        142.0
   44.1400        152.0
   44.1600        161.0
   44.1800        153.0
   44.2000        147.0
   44.2200        166.0
   44.2400        157.0
   44.2600        151.0
   44.2800        160.0
   44.3000        179.0
   44.3200        130.0
   44.3400        162.0
   44.3600        143.0
   44.3800        141.0
   44.4000        161.0
   44.4200        148.0
   44.4400        188.0
   44.4600        158.0
   44.4800        182.0
   44.5000        177.0
   44.5200        171.0
   44.5400        186.0
   44.5600        185.0
   44.5800        194.0
   44.6000        208.0
   44.6200        202.0
   44.6400        210.0
   44.6600        173.0
   44.6800        218.0
   44.7000        237.0
   44.7200        216.0
   44.7400        228.0
   44.7600        244.0
   44.7800        242.0
   44.8000        249.0
   44.8200        227.0
   44.8400        238.0
   44.8600        254.0
   44.8800        266.0
   44.9000        278.0
   44.9200        293.0
   44.9400        319.0
   44.9600        283.0
   44.9800        308.0
   45.0000        325.0
   45.0200        360.0
   45.0400        341.0
   45.0600        382.0
   45.0800        404.0
   45.1000        420.0
   45.1200        421.0
   45.1400        458.0
   45.1600        491.0
   45.1800        509.0
   45.2000        532.0
   45.2200        611.0
   45.2400        630.0
   45.2600        727.0
   45.2800        725.0
   45.3000        832.0
   45.3200        932.0
   45.3400        965.0
   45.3600       1114.0
   45.3800       1196.0
   45.4000       1447.0
   45.4200       1493.0
   45.4400       1657.0
   45.4600       1876.0
   45.4800       1950.0
   45.5000       2135.0
   45.5200       2331.0
   45.5400       2563.0
   45.5600       2666.0
   45.5800       2996.0
   45.6000       3215.0
   45.6200       3450.0
   45.6400       3745.0
   45.6600       3858.0
   45.6800       4177.0
   45.7000       4236.0
   45.7200       4341.0
   45.7400       4616.0
   45.7600       4611.0
   45.7800       4755.0
   45.8000       4773.0
   45.8200       4845.0
   45.8400       4727.0
   45.8600       4542.0
   45.8800       4434.0
   45.9000       4308.0
   45.9200       4127.0
   45.9400       3942.0
   45.9600       3708.0
   45.9800       3541.0
   46.0000       3255.0
   46.0200       3053.0
   46.0400       2795.0
   46.0600       2653.0
   46.0800       2431.0
   46.1000       2141.0
   46.1200       1956.0
   46.1400       1792.0
   46.1600       1588.0
   46.1800       1501.0
   46.2000       1296.0
   46.2200       1272.0
   46.2400       1141.0
   46.2600        991.0
   46.2800        896.0
   46.3000        809.0
   46.3200        767.0
   46.3400        711.0
   46.3600        645.0
   46.3800        622.0
   46.4000        569.0
   46.4200        531.0
   46.4400        480.0
   46.4600        473.0
   46.4800        454.0
   46.5000        418.0
   46.5200        377.0
   46.5400        402.0
   46.5600        359.0
   46.5800        363.0
   46.6000        311.0
   46.6200        307.0
   46.6400        298.0
   46.6600        268.0
   46.6800        282.0
   46.7000        276.0
   46.7200        286.0
   46.7400        272.0
   46.7600        258.0
   46.7800        283.0
   46.8000        229.0
   46.8200        223.0
   46.8400        232.0
   46.8600        227.0
   46.8800        214.0
   46.9000        223.0
   46.9200        230.0
   46.9400        224.0
   46.9600        204.0
   46.9800        230.0
   47.0000        231.0
   47.0200        199.0
   47.0400        200.0
   47.0600        227.0
   47.0800        198.0
   47.1000        210.0
   47.1200        160.0
   47.1400        160.0
   47.1600        179.0
   47.1800        175.0
   47.2000        174.0
   47.2200        170.0
   47.2400        199.0
   47.2600        209.0
   47.2800        176.0
   47.3000        196.0
   47.3200        168.0
   47.3400        169.0
   47.3600        165.0
   47.3800        172.0
   47.4000        167.0
   47.4200        162.0
   47.4400        160.0
   47.4600        189.0
   47.4800        180.0
   47.5000        180.0
   47.5200        171.0
   47.5400        207.0
   47.5600        194.0
   47.5800        168.0
   47.6000        185.0
   47.6200        189.0
   47.6400        164.0
   47.6600        172.0
   47.6800        183.0
   47.7000        169.0
   47.7200        208.0
   47.7400        184.0
   47.7600        172.0
   47.7800        178.0
   47.8000        178.0
   47.8200        195.0
   47.8400        158.0
   47.8600        209.0
   47.8800        210.0
   47.9000        206.0
   47.9200        177.0
   47.9400        197.0
   47.9600        237.0
   47.9800        229.0
   48.0000        194.0
   48.0200        219.0
   48.0400        205.0
   48.0600        217.0
   48.0800        261.0
   48.1000        224.0
   48.1200        233.0
   48.1400        235.0
   48.1600        236.0
   48.1800        271.0
   48.2000        281.0
   48.2200        303.0
   48.2400        294.0
   48.2600        330.0
   48.2800        292.0
   48.3000        313.0
   48.3200        345.0
   48.3400        364.0
   48.3600        451.0
   48.3800        434.0
   48.4000        466.0
   48.4200        490.0
   48.4400        531.0
   48.4600        571.0
   48.4800        596.0
   48.5000        626.0
   48.5200        675.0
   48.5400        808.0
   48.5600        843.0
   48.5800        880.0
   48.6000        861.0
   48.6200        976.0
   48.6400        955.0
   48.6600       1096.0
   48.6800       1112.0
   48.7000       1194.0
   48.7200       1362.0
   48.7400       1351.0
   48.7600       1439.0
   48.7800       1395.0
   48.8000       1507.0
   48.8200       1521.0
   48.8400       1551.0
   48.8600       1632.0
   48.8800       1588.0
   48.9000       1535.0
   48.9200       1548.0
   48.9400       1554.0
   48.9600       1471.0
   48.9800       1497.0
   49.0000       1412.0
   49.0200       1474.0
   49.0400       1377.0
   49.0600       1384.0
   49.0800       1397.0
   49.1000       1332.0
   49.1200       1331.0
   49.1400       1275.0
   49.1600       1336.0
   49.1800       1323.0
   49.2000       1342.0
   49.2200       1373.0
   49.2400       1418.0
   49.2600       1558.0
   49.2800       1529.0
   49.3000       1745.0
   49.3200       1746.0
   49.3400       1920.0
   49.3600       1964.0
   49.3800       2088.0
   49.4000       2329.0
   49.4200       2483.0
   49.4400       2529.0
   49.4600       2766.0
   49.4800       2897.0
   49.5000       3214.0
   49.5200       3280.0
   49.5400       3498.0
   49.5600       3788.0
   49.5800       3808.0
   49.6000       4088.0
   49.6200       4046.0
   49.6400       4240.0
   49.6600       4211.0
   49.6800       4418.0
   49.7000       4433.0
   49.7200       4299.0
   49.7400       4247.0
   49.7600       4387.0
   49.7800       4071.0
   49.8000       3990.0
   49.8200       3825.0
   49.8400       3607.0
   49.8600       3448.0
   49.8800       3192.0
   49.9000       3096.0
   49.9200       2844.0
   49.9400       2662.0
   49.9600       2533.0
   49.9800       2376.0
   50.0000       2196.0
   50.0200       2111.0
   50.0400       1889.0
   50.0600       1788.0
   50.0800       1698.0
   50.1000       1547.0
   50.1200       1507.0
   50.1400       1446.0
   50.1600       1416.0
   50.1800       1258.0
   50.2000       1277.0
   50.2200       1225.0
   50.2400       1241.0
   50.2600       1275.0
   50.2800       1212.0
   50.3000       1317.0
   50.3200       1300.0
   50.3400       1325.0
   50.3600       1380.0
   50.3800       1378.0
   50.4000       1607.0
   50.4200       1537.0
   50.4400       1708.0
   50.4600       1763.0
   50.4800       1831.0
   50.5000       1898.0
   50.5200       1966.0
   50.5400       2097.0
   50.5600       2173.0
   50.5800       2138.0
   50.6000       2227.0
   50.6200       2242.0
   50.6400       2364.0
   50.6600       2354.0
   50.6800       2252.0
   50.7000       2247.0
   50.7200       2239.0
   50.7400       2238.0
   50.7600       2094.0
   50.7800       2039.0
   50.8000       1976.0
   50.8200       1855.0
   50.8400       1752.0
   50.8600       1690.0
   50.8800       1650.0
   50.9000       1528.0
   50.9200       1387.0
   50.9400       1303.0
   50.9600       1223.0
   50.9800       1106.0
   51.0000       1020.0
   51.0200        995.0
   51.0400        938.0
   51.0600        839.0
   51.0800        787.0
   51.1000        718.0
   51.1200        709.0
   51.1400        625.0
   51.1600        589.0
   51.1800        507.0
   51.2000        520.0
   51.2200        458.0
   51.2400        434.0
   51.2600        454.0
   51.2800        406.0
   51.3000        391.0
   51.3200        361.0
   51.3400        340.0
   51.3600        347.0
   51.3800        312.0
   51.4000        310.0
   51.4200        317.0
   51.4400        315.0
   51.4600        345.0
   51.4800        316.0
   51.5000        302.0
   51.5200        286.0
   51.5400        268.0
   51.5600        299.0
   51.5800        327.0
   51.6000        288.0
   51.6200        340.0
   51.6400        358.0
   51.6600        357.0
   51.6800        371.0
   51.7000        378.0
   51.7200        382.0
   51.7400        428.0
   51.7600        432.0
   51.7800        479.0
   51.8000        498.0
   51.8200        487.0
   51.8400        520.0
   51.8600        570.0
   51.8800        622.0
   51.9000        645.0
   51.9200        625.0
   51.9400        692.0
   51.9600        709.0
   51.9800        725.0
   52.0000        774.0
   52.0200        772.0
   52.0400        842.0
   52.0600        870.0
   52.0800        930.0
   52.1000        912.0
   52.1200        924.0
   52.1400        927.0
   52.1600        979.0
   52.1800        910.0
   52.2000        889.0
   52.2200        901.0
   52.2400        836.0
   52.2600        877.0
   52.2800        804.0
   52.3000        752.0
   52.3200        753.0
   52.3400        698.0
   52.3600        665.0
   52.3800        591.0
   52.4000        591.0
   52.4200        505.0
   52.4400        503.0
   52.4600        466.0
   52.4800        443.0
   52.5000        445.0
   52.5200        369.0
   52.5400        358.0
   52.5600        318.0
   52.5800        330.0
   52.6000        281.0
   52.6200        251.0
   52.6400        258.0
   52.6600        241.0
   52.6800        212.0
   52.7000        207.0
   52.7200        206.0
   52.7400        188.0
   52.7600        184.0
   52.7800        183.0
   52.8000        150.0
   52.8200        164.0
   52.8400        155.0
   52.8600        147.0
   52.8800        149.0
   52.9000        137.0
   52.9200        138.0
   52.9400        125.0
   52.9600        142.0
   52.9800        138.0
   53.0000        118.0
   53.0200        159.0
   53.0400        126.0
   53.0600         97.0
   53.0800        109.0
   53.1000         99.0
   53.1200        102.0
   53.1400        128.0
   53.1600        123.0
   53.1800        102.0
   53.2000        104.0
   53.2200        108.0
   53.2400         98.0
   53.2600        107.0
   53.2800        100.0
   53.3000        122.0
   53.3200         96.0
   53.3400        104.0
   53.3600        105.0
   53.3800        102.0
   53.4000         82.0
   53.4200         85.0
   53.4400         88.0
   53.4600         86.0
   53.4800         81.0
   53.5000         98.0
   53.5200         97.0
   53.5400         94.0
   53.5600         79.0
   53.5800         81.0
   53.6000         90.0
   53.6200         87.0
   53.6400         94.0
   53.6600         82.0
   53.6800        103.0
   53.7000         81.0
   53.7200         81.0
   53.7400         90.0
   53.7600         84.0
   53.7800         79.0
   53.8000         71.0
   53.8200         77.0
   53.8400         86.0
   53.8600         70.0
   53.8800         88.0
   53.9000         65.0
   53.9200         98.0
   53.9400         84.0
   53.9600         84.0
   53.9800         78.0
   54.0000         69.0
   54.0200         76.0
   54.0400         77.0
   54.0600         77.0
   54.0800         73.0
   54.1000         79.0
   54.1200         90.0
   54.1400         85.0
   54.1600         79.0
   54.1800         92.0
   54.2000         74.0
   54.2200         91.0
   54.2400         96.0
   54.2600         70.0
   54.2800         92.0
   54.3000         95.0
   54.3200         72.0
   54.3400         74.0
   54.3600         94.0
   54.3800         84.0
   54.4000         93.0
   54.4200         97.0
   54.4400         86.0
   54.4600        105.0
   54.4800         85.0
   54.5000         75.0
   54.5200         96.0
   54.5400         82.0
   54.5600         94.0
   54.5800         95.0
   54.6000        101.0
   54.6200         75.0
   54.6400         98.0
   54.6600         94.0
   54.6800         94.0
   54.7000        103.0
   54.7200        109.0
   54.7400        114.0
   54.7600        102.0
   54.7800         84.0
   54.8000        118.0
   54.8200         98.0
   54.8400        119.0
   54.8600        120.0
   54.8800        117.0
   54.9000        120.0
   54.9200        122.0
   54.9400        118.0
   54.9600        106.0
   54.9800        137.0
   55.0000        159.0
   55.0200        138.0
   55.0400        140.0
   55.0600        146.0
   55.0800        160.0
   55.1000        138.0
   55.1200        150.0
   55.1400        176.0
   55.1600        176.0
   55.1800        158.0
   55.2000        179.0
   55.2200        196.0
   55.2400        209.0
   55.2600        230.0
   55.2800        242.0
   55.3000        258.0
   55.3200        287.0
   55.3400        316.0
   55.3600        345.0
   55.3800        371.0
   55.4000        386.0
   55.4200        414.0
   55.4400        437.0
   55.4600        467.0
   55.4800        503.0
   55.5000        573.0
   55.5200        586.0
   55.5400        610.0
   55.5600        664.0
   55.5800        740.0
   55.6000        753.0
   55.6200        834.0
   55.6400        885.0
   55.6600        921.0
   55.6800        981.0
   55.7000        980.0
   55.7200       1033.0
   55.7400       1129.0
   55.7600       1174.0
   55.7800       1183.0
   55.8000       1214.0
   55.8200       1260.0
   55.8400       1287.0
   55.8600       1213.0
   55.8800       1164.0
   55.9000       1261.0
   55.9200       1199.0
   55.9400       1189.0
   55.9600       1101.0
   55.9800       1111.0
   56.0000       1113.0
   56.0200       1029.0
   56.0400        966.0
   56.0600        886.0
   56.0800        851.0
   56.1000        781.0
   56.1200        757.0
   56.1400        714.0
   56.1600        629.0
   56.1800        632.0
   56.2000        571.0
   56.2200        517.0
   56.2400        502.0
   56.2600        447.0
   56.2800        423.0
   56.3000        397.0
   56.3200        324.0
   56.3400        313.0
   56.3600        307.0
   56.3800        304.0
   56.4000        271.0
   56.4200        273.0
   56.4400        239.0
   56.4600        233.0
   56.4800        219.0
   56.5000        217.0
   56.5200        174.0
   56.5400        181.0
   56.5600        175.0
   56.5800        178.0
   56.6000        161.0
   56.6200        155.0
   56.6400        175.0
   56.6600        150.0
   56.6800        145.0
   56.7000        180.0
   56.7200        146.0
   56.7400        140.0
   56.7600        122.0
   56.7800        123.0
   56.8000        136.0
   56.8200        155.0
   56.8400        125.0
   56.8600        143.0
   56.8800        108.0
   56.9000        127.0
   56.9200        123.0
   56.9400        129.0
   56.9600        138.0
   56.9800        132.0
   57.0000        104.0
   57.0200        138.0
   57.0400        119.0
   57.0600        142.0
   57.0800        163.0
   57.1000        128.0
   57.1200        141.0
   57.1400        148.0
   57.1600        127.0
   57.1800        152.0
   57.2000        157.0
   57.2200        168.0
   57.2400        167.0
   57.2600        160.0
   57.2800        167.0
   57.3000        189.0
   57.3200        169.0
   57.3400        204.0
   57.3600        190.0
   57.3800        178.0
   57.4000        202.0
   57.4200        240.0
   57.4400        241.0
   57.4600        233.0
   57.4800        272.0
   57.5000        276.0
   57.5200        263.0
   57.5400        291.0
   57.5600        322.0
   57.5800        359.0
   57.6000        398.0
   57.6200        403.0
   57.6400        448.0
   57.6600        471.0
   57.6800        524.0
   57.7000        558.0
   57.7200        533.0
   57.7400        653.0
   57.7600        682.0
   57.7800        751.0
   57.8000        814.0
   57.8200        848.0
   57.8400        901.0
   57.8600        996.0
   57.8800       1048.0
   57.9000       1106.0
   57.9200       1153.0
   57.9400       1240.0
   57.9600       1247.0
   57.9800       1404.0
   58.0000       1420.0
   58.0200       1552.0
   58.0400       1539.0
   58.0600       1591.0
   58.0800       1565.0
   58.1000       1634.0
   58.1200       1610.0
   58.1400       1658.0
   58.1600       1715.0
   58.1800       1592.0
   58.2000       1525.0
   58.2200       1498.0
   58.2400       1473.0
   58.2600       1375.0
   58.2800       1329.0
   58.3000       1272.0
   58.3200       1245.0
   58.3400       1120.0
   58.3600       1052.0
   58.3800        967.0
   58.4000        945.0
   58.4200        904.0
   58.4400        774.0
   58.4600        772.0
   58.4800        665.0
   58.5000        657.0
   58.5200        560.0
   58.5400        567.0
   58.5600        522.0
   58.5800        499.0
   58.6000        442.0
   58.6200        412.0
   58.6400        350.0
   58.6600        373.0
   58.6800        316.0
   58.7000        299.0
   58.7200        304.0
   58.7400        249.0
   58.7600        242.0
   58.7800        232.0
   58.8000        234.0
   58.8200        209.0
   58.8400        174.0
   58.8600        187.0
   58.8800        189.0
   58.9000        167.0
   58.9200        140.0
   58.9400        165.0
   58.9600        166.0
   58.9800        144.0
   59.0000        126.0
   59.0200        137.0
   59.0400        132.0
   59.0600        133.0
   59.0800        109.0
   59.1000        118.0
   59.1200        120.0
   59.1400        116.0
   59.1600        105.0
   59.1800        100.0
   59.2000         94.0
   59.2200        100.0
   59.2400        123.0
   59.2600        100.0
   59.2800         87.0
   59.3000        108.0
   59.3200         98.0
   59.3400        105.0
   59.3600         81.0
   59.3800         75.0
   59.4000         68.0
   59.4200        103.0
   59.4400         81.0
   59.4600         80.0
   59.4800         60.0
   59.5000         80.0
   59.5200         93.0
   59.5400         90.0
   59.5600         73.0
   59.5800         75.0
   59.6000         79.0
   59.6200         73.0
   59.6400         78.0
   59.6600         82.0
   59.6800         64.0
   59.7000         77.0
   59.7200         57.0
   59.7400         72.0
   59.7600         66.0
   59.7800         66.0
   59.8000         78.0
   59.8200         69.0
   59.8400         78.0
   59.8600         67.0
   59.8800         59.0
   59.9000         78.0
   59.9200         67.0
   59.9400         62.0
   59.9600         69.0
   59.9800         73.0
   60.0000         57.0
   60.0200         70.0
   60.0400         59.0
   60.0600         59.0
   60.0800         59.0
   60.1000         61.0
   60.1200         61.0
   60.1400         66.0
   60.1600         78.0
   60.1800         59.0
   60.2000         74.0
   60.2200         59.0
   60.2400         46.0
   60.2600         61.0
   60.2800         58.0
   60.3000         67.0
   60.3200         66.0
   60.3400         57.0
   60.3600         50.0
   60.3800         56.0
   60.4000         56.0
   60.4200         62.0
   60.4400         67.0
   60.4600         64.0
   60.4800         67.0
   60.5000         55.0
   60.5200         64.0
   60.5400         56.0
   60.5600         60.0
   60.5800         67.0
   60.6000         57.0
   60.6200         64.0
   60.6400         53.0
   60.6600         66.0
   60.6800         56.0
   60.7000         56.0
   60.7200         51.0
   60.7400         48.0
   60.7600         66.0
   60.7800         55.0
   60.8000         49.0
   60.8200         66.0
   60.8400         50.0
   60.8600         58.0
   60.8800         52.0
   60.9000         38.0
   60.9200         58.0
   60.9400         59.0
   60.9600         47.0
   60.9800         59.0
   61.0000         45.0
   61.0200         62.0
   61.0400         50.0
   61.0600         51.0
   61.0800         63.0
   61.1000         48.0
   61.1200         58.0
   61.1400         54.0
   61.1600         51.0
   61.1800         57.0
   61.2000         51.0
   61.2200         55.0
   61.2400         69.0
   61.2600         57.0
   61.2800         52.0
   61.3000         58.0
   61.3200         49.0
   61.3400         51.0
   61.3600         55.0
   61.3800         63.0
   61.4000         62.0
   61.4200         57.0
   61.4400         52.0
   61.4600         54.0
   61.4800         49.0
   61.5000         48.0
   61.5200         61.0
   61.5400         62.0
   61.5600         50.0
   61.5800         57.0
   61.6000         62.0
   61.6200         51.0
   61.6400         61.0
   61.6600         47.0
   61.6800         51.0
   61.7000         59.0
   61.7200         70.0
   61.7400         65.0
   61.7600         59.0
   61.7800         56.0
   61.8000         57.0
   61.8200         45.0
   61.8400         68.0
   61.8600         55.0
   61.8800         51.0
   61.9000         68.0
   61.9200         53.0
   61.9400         57.0
   61.9600         63.0
   61.9800         53.0
   62.0000         55.0
   62.0200         64.0
   62.0400         54.0
   62.0600         55.0
   62.0800         72.0
   62.1000         64.0
   62.1200         68.0
   62.1400         43.0
   62.1600         73.0
   62.1800         46.0
   62.2000         64.0
   62.2200         48.0
   62.2400         66.0
   62.2600         67.0
   62.2800         61.0
   62.3000         75.0
   62.3200         69.0
   62.3400         78.0
   62.3600         77.0
   62.3800         65.0
   62.4000         81.0
   62.4200         68.0
   62.4400         73.0
   62.4600         71.0
   62.4800         86.0
   62.5000         64.0
   62.5200         70.0
   62.5400         75.0
   62.5600         84.0
   62.5800         72.0
   62.6000         84.0
   62.6200         85.0
   62.6400         71.0
   62.6600         68.0
   62.6800         89.0
   62.7000         89.0
   62.7200        104.0
   62.7400         89.0
   62.7600         95.0
   62.7800         82.0
   62.8000        110.0
   62.8200         94.0
   62.8400        101.0
   62.8600         96.0
   62.8800         99.0
   62.9000        114.0
   62.9200        105.0
   62.9400        112.0
   62.9600        110.0
   62.9800        104.0
   63.0000        116.0
   63.0200        149.0
   63.0400        149.0
   63.0600        145.0
   63.0800        157.0
   63.1000        147.0
   63.1200        149.0
   63.1400        155.0
   63.1600        173.0
   63.1800        184.0
   63.2000        219.0
   63.2200        208.0
   63.2400        220.0
   63.2600        218.0
   63.2800        272.0
   63.3000        292.0
   63.3200        278.0
   63.3400        301.0
   63.3600        332.0
   63.3800        376.0
   63.4000        396.0
   63.4200        464.0
   63.4400        452.0
   63.4600        456.0
   63.4800        512.0
   63.5000        535.0
   63.5200        604.0
   63.5400        601.0
   63.5600        712.0
   63.5800        723.0
   63.6000        704.0
   63.6200        844.0
   63.6400        875.0
   63.6600        882.0
   63.6800        940.0
   63.7000        966.0
   63.7200       1054.0
   63.7400       1085.0
   63.7600       1046.0
   63.7800       1165.0
   63.8000       1139.0
   63.8200       1150.0
   63.8400       1174.0
   63.8600       1195.0
   63.8800       1201.0
   63.9000       1210.0
   63.9200       1104.0
   63.9400       1094.0
   63.9600       1106.0
   63.9800       1032.0
   64.0000        950.0
   64.0200        932.0
   64.0400        990.0
   64.0600        943.0
   64.0800        867.0
   64.1000        788.0
   64.1200        756.0
   64.1400        726.0
   64.1600        705.0
   64.1800        590.0
   64.2000        601.0
   64.2200        580.0
   64.2400        511.0
   64.2600        452.0
   64.2800        483.0
   64.3000        413.0
   64.3200        391.0
   64.3400        377.0
   64.3600        333.0
   64.3800        313.0
   64.4000        329.0
   64.4200        266.0
   64.4400        291.0
   64.4600        267.0
   64.4800        215.0
   64.5000        197.0
   64.5200        191.0
   64.5400        207.0
   64.5600        169.0
   64.5800        187.0
   64.6000        175.0
   64.6200        171.0
   64.6400        168.0
   64.6600        152.0
   64.6800        139.0
   64.7000        148.0
   64.7200        160.0
   64.7400        141.0
   64.7600        143.0
   64.7800        142.0
   64.8000        135.0
   64.8200        131.0
   64.8400        144.0
   64.8600        120.0
   64.8800        117.0
   64.9000        118.0
   64.9200        120.0
   64.9400         93.0
   64.9600        133.0
   64.9800        123.0
   65.0000        110.0
   65.0200        104.0
   65.0400        105.0
   65.0600        124.0
   65.0800        116.0
   65.1000        112.0
   65.1200        124.0
   65.1400        106.0
   65.1600        114.0
   65.1800        128.0
   65.2000        118.0
   65.2200        127.0
   65.2400        138.0
   65.2600        128.0
   65.2800        115.0
   65.3000        159.0
   65.3200        148.0
   65.3400        132.0
   65.3600        144.0
   65.3800        149.0
   65.4000        140.0
   65.4200        137.0
   65.4400        155.0
   65.4600        154.0
   65.4800        184.0
   65.5000        156.0
   65.5200        173.0
   65.5400        175.0
   65.5600        190.0
   65.5800        215.0
   65.6000        179.0
   65.6200        204.0
   65.6400        239.0
   65.6600        258.0
   65.6800        212.0
   65.7000        297.0
   65.7200        309.0
   65.7400        341.0
   65.7600        321.0
   65.7800        360.0
   65.8000        385.0
   65.8200        445.0
   65.8400        420.0
   65.8600        470.0
   65.8800        493.0
   65.9000        499.0
   65.9200        593.0
   65.9400        577.0
   65.9600        687.0
   65.9800        750.0
   66.0000        792.0
   66.0200        845.0
   66.0400        907.0
   66.0600        969.0
   66.0800       1031.0
   66.1000       1041.0
   66.1200       1091.0
   66.1400       1260.0
   66.1600       1259.0
   66.1800       1351.0
   66.2000       1327.0
   66.2200       1365.0
   66.2400       1413.0
   66.2600       1373.0
   66.2800       1441.0
   66.3000       1397.0
   66.3200       1539.0
   66.3400       1489.0
   66.3600       1479.0
   66.3800       1477.0
   66.4000       1446.0
   66.4200       1468.0
   66.4400       1486.0
   66.4600       1349.0
   66.4800       1355.0
   66.5000       1261.0
   66.5200       1187.0
   66.5400       1150.0
   66.5600       1106.0
   66.5800       1031.0
   66.6000       1017.0
   66.6200        946.0
   66.6400        877.0
   66.6600        847.0
   66.6800        769.0
   66.7000        733.0
   66.7200        677.0
   66.7400        614.0
   66.7600        582.0
   66.7800        576.0
   66.8000        501.0
   66.8200        483.0
   66.8400        441.0
   66.8600        382.0
   66.8800        383.0
   66.9000        377.0
   66.9200        341.0
   66.9400        281.0
   66.9600        276.0
   66.9800        270.0
   67.0000        254.0
   67.0200        242.0
   67.0400        250.0
   67.0600        220.0
   67.0800        212.0
   67.1000        187.0
   67.1200        158.0
   67.1400        156.0
   67.1600        134.0
   67.1800        157.0
   67.2000        152.0
   67.2200        142.0
   67.2400        126.0
   67.2600        126.0
   67.2800        132.0
   67.3000        117.0
   67.3200        119.0
   67.3400         96.0
   67.3600        110.0
   67.3800         99.0
   67.4000        105.0
   67.4200         94.0
   67.4400        106.0
   67.4600         97.0
   67.4800        105.0
   67.5000         92.0
   67.5200         86.0
   67.5400        107.0
   67.5600         86.0
   67.5800         95.0
   67.6000         98.0
   67.6200         92.0
   67.6400         81.0
   67.6600         81.0
   67.6800         77.0
   67.7000         79.0
   67.7200         79.0
   67.7400         83.0
   67.7600         66.0
   67.7800         65.0
   67.8000         63.0
   67.8200         72.0
   67.8400         69.0
   67.8600         84.0
   67.8800         71.0
   67.9000         61.0
   67.9200         67.0
   67.9400         64.0
   67.9600         58.0
   67.9800         54.0
   68.0000         76.0
   68.0200         59.0
   68.0400         72.0
   68.0600         74.0
   68.0800         53.0
   68.1000         51.0
   68.1200         64.0
   68.1400         59.0
   68.1600         66.0
   68.1800         65.0
   68.2000         53.0
   68.2200         55.0
   68.2400         69.0
   68.2600         57.0
   68.2800         56.0
   68.3000         47.0
   68.3200         45.0
   68.3400         53.0
   68.3600         46.0
   68.3800         57.0
   68.4000         40.0
   68.4200         54.0
   68.4400         55.0
   68.4600         48.0
   68.4800         41.0
   68.5000         48.0
   68.5200         34.0
   68.5400         40.0
   68.5600         56.0
   68.5800         65.0
   68.6000         42.0
   68.6200         50.0
   68.6400         46.0
   68.6600         43.0
   68.6800         47.0
   68.7000         46.0
   68.7200         51.0
   68.7400         52.0
   68.7600         52.0
   68.7800         48.0
   68.8000         52.0
   68.8200         34.0
   68.8400         40.0
   68.8600         35.0
   68.8800         53.0
   68.9000         48.0
   68.9200         51.0
   68.9400         43.0
   68.9600         40.0
   68.9800         43.0
   69.0000         44.0
   69.0200         42.0
   69.0400         41.0
   69.0600         44.0
   69.0800         51.0
   69.1000         45.0
   69.1200         38.0
   69.1400         41.0
   69.1600         27.0
   69.1800         45.0
   69.2000         52.0
   69.2200         41.0
   69.2400         46.0
   69.2600         46.0
   69.2800         44.0
   69.3000         36.0
   69.3200         38.0
   69.3400         42.0
   69.3600         32.0
   69.3800         44.0
   69.4000         34.0
   69.4200         47.0
   69.4400         42.0
   69.4600         39.0
   69.4800         46.0
   69.5000         40.0
   69.5200         33.0
   69.5400         45.0
   69.5600         43.0
   69.5800         37.0
   69.6000         37.0
   69.6200         50.0
   69.6400         36.0
   69.6600         48.0
   69.6800         44.0
   69.7000         39.0
   69.7200         46.0
   69.7400         33.0
   69.7600         30.0
   69.7800         32.0
   69.8000         31.0
   69.8200         46.0
   69.8400         40.0
   69.8600         24.0
   69.8800         38.0
   69.9000         57.0
   69.9200         38.0
   69.9400         28.0
   69.9600         36.0
   69.9800         40.0
   70.0000         32.0
   70.0200         23.0
   70.0400         37.0
   70.0600         28.0
   70.0800         45.0
   70.1000         45.0
   70.1200         34.0
   70.1400         22.0
   70.1600         27.0
   70.1800         34.0
   70.2000         40.0
   70.2200         35.0
   70.2400         38.0
   70.2600         53.0
   70.2800         42.0
   70.3000         44.0
   70.3200         33.0
   70.3400         25.0
   70.3600         28.0
   70.3800         35.0
   70.4000         25.0
   70.4200         29.0
   70.4400         32.0
   70.4600         37.0
   70.4800         29.0
   70.5000         35.0
   70.5200         35.0
   70.5400         33.0
   70.5600         33.0
   70.5800         44.0
   70.6000         45.0
   70.6200         37.0
   70.6400         37.0
   70.6600         28.0
   70.6800         31.0
   70.7000         26.0
   70.7200         31.0
   70.7400         42.0
   70.7600         41.0
   70.7800         25.0
   70.8000         38.0
   70.8200         28.0
   70.8400         32.0
   70.8600         29.0
   70.8800         31.0
   70.9000         30.0
   70.9200         37.0
   70.9400         28.0
   70.9600         35.0
   70.9800         36.0
   71.0000         28.0
   71.0200         31.0
   71.0400         40.0
   71.0600         30.0
   71.0800         36.0
   71.1000         29.0
   71.1200         35.0
   71.1400         33.0
   71.1600         33.0
   71.1800         29.0
   71.2000         34.0
   71.2200         30.0
   71.2400         40.0
   71.2600         33.0
   71.2800         36.0
   71.3000         33.0
   71.3200         23.0
   71.3400         37.0
   71.3600         36.0
   71.3800         40.0
   71.4000         41.0
   71.4200         34.0
   71.4400         29.0
   71.4600         28.0
   71.4800         30.0
   71.5000         35.0
   71.5200         29.0
   71.5400         36.0
   71.5600         33.0
   71.5800         30.0
   71.6000         23.0
   71.6200         29.0
   71.6400         33.0
   71.6600         25.0
   71.6800         32.0
   71.7000         35.0
   71.7200         29.0
   71.7400         31.0
   71.7600         35.0
   71.7800         21.0
   71.8000         21.0
   71.8200         30.0
   71.8400         33.0
   71.8600         28.0
   71.8800         33.0
   71.9000         36.0
   71.9200         31.0
   71.9400         31.0
   71.9600         21.0
   71.9800         20.0
   72.0000         22.0
   72.0200         26.0
   72.0400         20.0
   72.0600         31.0
   72.0800         26.0
   72.1000         33.0
   72.1200         33.0
   72.1400         19.0
   72.1600         38.0
   72.1800         26.0
   72.2000         33.0
   72.2200         28.0
   72.2400         30.0
   72.2600         27.0
   72.2800         30.0
   72.3000         23.0
   72.3200         36.0
   72.3400         28.0
   72.3600         33.0
   72.3800         28.0
   72.4000         30.0
   72.4200         25.0
   72.4400         31.0
   72.4600         25.0
   72.4800         29.0
   72.5000         24.0
   72.5200         26.0
   72.5400         33.0
   72.5600         33.0
   72.5800         31.0
   72.6000         23.0
   72.6200         34.0
   72.6400         32.0
   72.6600         38.0
   72.6800         23.0
   72.7000         20.0
   72.7200         37.0
   72.7400         28.0
   72.7600         36.0
   72.7800         37.0
   72.8000         24.0
   72.8200         29.0
   72.8400         29.0
   72.8600         28.0
   72.8800         41.0
   72.9000         28.0
   72.9200         34.0
   72.9400         27.0
   72.9600         24.0
   72.9800         26.0
   73.0000         27.0
   73.0200         33.0
   73.0400         29.0
   73.0600         29.0
   73.0800         29.0
   73.1000         18.0
   73.1200         31.0
   73.1400         27.0
   73.1600         21.0
   73.1800         32.0
   73.2000         29.0
   73.2200         21.0
   73.2400         34.0
   73.2600         22.0
   73.2800         27.0
   73.3000         31.0
   73.3200         31.0
   73.3400         25.0
   73.3600         22.0
   73.3800         34.0
   73.4000         28.0
   73.4200         33.0
   73.4400         26.0
   73.4600         21.0
   73.4800         33.0
   73.5000         32.0
   73.5200         20.0
   73.5400         33.0
   73.5600         35.0
   73.5800         23.0
   73.6000         25.0
   73.6200         19.0
   73.6400         22.0
   73.6600         31.0
   73.6800         34.0
   73.7000         29.0
   73.7200         29.0
   73.7400         26.0
   73.7600         36.0
   73.7800         26.0
   73.8000         40.0
   73.8200         30.0
   73.8400         24.0
   73.8600         27.0
   73.8800         28.0
   73.9000         34.0
   73.9200         30.0
   73.9400         28.0
   73.9600         22.0
   73.9800         28.0
   74.0000         24.0
   74.0200         22.0
   74.0400         31.0
   74.0600         24.0
   74.0800         31.0
   74.1000         26.0
   74.1200         24.0
   74.1400         35.0
   74.1600         23.0
   74.1800         22.0
   74.2000         35.0
   74.2200         24.0
   74.2400         29.0
   74.2600         22.0
   74.2800         28.0
   74.3000         26.0
   74.3200         25.0
   74.3400         38.0
   74.3600         22.0
   74.3800         36.0
   74.4000         24.0
   74.4200         25.0
   74.4400         19.0
   74.4600         27.0
   74.4800         26.0
   74.5000         22.0
   74.5200         26.0
   74.5400         28.0
   74.5600         27.0
   74.5800         24.0
   74.6000         35.0
   74.6200         23.0
   74.6400         30.0
   74.6600         28.0
   74.6800         25.0
   74.7000         31.0
   74.7200         31.0
   74.7400         27.0
   74.7600         34.0
   74.7800         18.0
   74.8000         23.0
   74.8200         21.0
   74.8400         29.0
   74.8600         24.0
   74.8800         33.0
   74.9000         26.0
   74.9200         27.0
   74.9400         26.0
   74.9600         27.0
   74.9800         26.0
   75.0000         31.0
   75.0200         30.0
   75.0400         26.0
   75.0600         28.0
   75.0800         36.0
   75.1000         26.0
   75.1200         36.0
   75.1400         19.0
   75.1600         28.0
   75.1800         18.0
   75.2000         30.0
   75.2200         28.0
   75.2400         19.0
   75.2600         27.0
   75.2800         36.0
   75.3000         15.0
   75.3200         26.0
   75.3400         30.0
   75.3600         32.0
   75.3800         19.0
   75.4000         26.0
   75.4200         21.0
   75.4400         30.0
   75.4600         26.0
   75.4800         27.0
   75.5000         30.0
   75.5200         16.0
   75.5400         29.0
   75.5600         23.0
   75.5800         29.0
   75.6000         31.0
   75.6200         24.0
   75.6400         24.0
   75.6600         25.0
   75.6800         28.0
   75.7000         28.0
   75.7200         27.0
   75.7400         26.0
   75.7600         20.0
   75.7800         22.0
   75.8000         20.0
   75.8200         23.0
   75.8400         20.0
   75.8600         18.0
   75.8800         36.0
   75.9000         23.0
   75.9200         23.0
   75.9400         31.0
   75.9600         27.0
   75.9800         31.0
   76.0000         20.0
   76.0200         23.0
   76.0400         25.0
   76.0600         26.0
   76.0800         16.0
   76.1000         18.0
   76.1200         27.0
   76.1400         21.0
   76.1600         33.0
   76.1800         20.0
   76.2000         25.0
   76.2200         25.0
   76.2400         32.0
   76.2600         24.0
   76.2800         31.0
   76.3000         20.0
   76.3200         28.0
   76.3400         26.0
   76.3600         33.0
   76.3800         31.0
   76.4000         28.0
   76.4200         27.0
   76.4400         29.0
   76.4600         29.0
   76.4800         30.0
   76.5000         27.0
   76.5200         33.0
   76.5400         28.0
   76.5600         22.0
   76.5800         26.0
   76.6000         26.0
   76.6200         32.0
   76.6400         21.0
   76.6600         28.0
   76.6800         31.0
   76.7000         18.0
   76.7200         14.0
   76.7400         33.0
   76.7600         23.0
   76.7800         23.0
   76.8000         25.0
   76.8200         21.0
   76.8400         21.0
   76.8600         20.0
   76.8800         27.0
   76.9000         26.0
   76.9200         34.0
   76.9400         24.0
   76.9600         20.0
   76.9800         24.0
   77.0000         24.0
   77.0200         21.0
   77.0400         24.0
   77.0600         32.0
   77.0800         29.0
   77.1000         26.0
   77.1200         25.0
   77.1400         30.0
   77.1600         21.0
   77.1800         25.0
   77.2000         17.0
   77.2200         31.0
   77.2400         17.0
   77.2600         31.0
   77.2800         25.0
   77.3000         30.0
   77.3200         30.0
   77.3400         30.0
   77.3600         23.0
   77.3800         18.0
   77.4000         23.0
   77.4200         27.0
   77.4400         22.0
   77.4600         22.0
   77.4800         21.0
   77.5000         27.0
   77.5200         31.0
   77.5400         25.0
   77.5600         27.0
   77.5800         34.0
   77.6000         26.0
   77.6200         20.0
   77.6400         22.0
   77.6600         23.0
   77.6800         22.0
   77.7000         20.0
   77.7200         23.0
   77.7400         14.0
   77.7600         10.0
   77.7800         32.0
   77.8000         17.0
   77.8200         27.0
   77.8400         32.0
   77.8600         30.0
   77.8800         20.0
   77.9000         24.0
   77.9200         31.0
   77.9400         26.0
   77.9600         18.0
   77.9800         23.0
   78.0000         32.0
   78.0200         24.0
   78.0400         25.0
   78.0600         19.0
   78.0800         23.0
   78.1000         25.0
   78.1200         26.0
   78.1400         18.0
   78.1600         24.0
   78.1800         19.0
   78.2000         31.0
   78.2200         18.0
   78.2400         27.0
   78.2600         35.0
   78.2800         34.0
   78.3000         24.0
   78.3200         26.0
   78.3400         30.0
   78.3600         21.0
   78.3800         34.0
   78.4000         29.0
   78.4200         25.0
   78.4400         20.0
   78.4600         21.0
   78.4800         27.0
   78.5000         24.0
   78.5200         25.0
   78.5400         17.0
   78.5600         33.0
   78.5800         26.0
   78.6000         24.0
   78.6200         28.0
   78.6400         27.0
   78.6600         30.0
   78.6800         31.0
   78.7000         25.0
   78.7200         37.0
   78.7400         17.0
   78.7600         32.0
   78.7800         33.0
   78.8000         25.0
   78.8200         35.0
   78.8400         19.0
   78.8600         22.0
   78.8800         27.0
   78.9000         29.0
   78.9200         18.0
   78.9400         23.0
   78.9600         30.0
   78.9800         24.0
   79.0000         21.0
   79.0200         33.0
   79.0400         37.0
   79.0600         22.0
   79.0800         25.0
   79.1000         27.0
   79.1200         26.0
   79.1400         28.0
   79.1600         18.0
   79.1800         22.0
   79.2000         19.0
   79.2200         22.0
   79.2400         16.0
   79.2600         22.0
   79.2800         27.0
   79.3000         21.0
   79.3200         21.0
   79.3400         24.0
   79.3600         25.0
   79.3800         31.0
   79.4000         17.0
   79.4200         30.0
   79.4400         16.0
   79.4600         27.0
   79.4800         24.0
   79.5000         26.0
   79.5200         23.0
   79.5400         35.0
   79.5600         15.0
   79.5800         26.0
   79.6000         28.0
   79.6200         12.0
   79.6400         23.0
   79.6600         20.0
   79.6800         23.0
   79.7000         21.0
   79.7200         24.0
   79.7400         27.0
   79.7600         28.0
   79.7800         20.0
   79.8000         34.0
   79.8200         28.0
   79.8400         35.0
   79.8600         19.0
   79.8800         29.0
   79.9000         26.0
   79.9200         32.0
   79.9400         30.0
   79.9600         24.0
   79.9800         22.0
   80.0000         29.0
